卸点大坑,,494813.209,4038968.388,23.296
卸点大坑0,,494958.796,4038953.050,11.255
卸点大坑1,,494962.611,4038955.915,11.365
卸点大坑2,,494964.929,4038957.232,11.398
卸点大坑3,,494968.951,4038959.420,11.493
卸点大坑4,,494973.954,4038958.168,11.374
卸点大坑5,,494979.344,4038959.869,10.885
卸点大坑6,,494985.260,4038961.535,10.529
卸点大坑7,,494992.284,4038962.819,9.885
卸点大坑8,,494998.330,4038962.940,9.470
卸点大坑9,,495004.416,4038969.344,11.136
卸点大坑10,,495010.579,4038969.945,11.279
卸点大坑11,,495014.208,4038971.598,11.177
卸点大坑12,,495018.050,4038971.854,11.048
卸点大坑13,,495020.605,4038972.214,11.005
卸点大坑14,,495028.025,4038970.998,11.181
卸点大坑15,,495034.196,4038972.359,11.349
卸点大坑16,,495042.409,4038974.493,11.250
卸点大坑17,,495052.771,4038977.359,11.359
卸点大坑18,,495059.185,4038978.163,10.901
卸点大坑19,,495063.950,4038978.808,10.817
卸点大坑20,,495069.760,4038980.047,10.725
卸点大坑21,,495075.924,4038975.646,10.748
卸点大坑22,,495076.804,4038972.469,10.799
卸点大坑23,,495077.772,4038967.650,10.806
卸点大坑24,,495079.476,4038964.610,11.112
卸点大坑25,,495081.890,4038960.240,11.194
卸点大坑26,,495084.308,4038951.195,10.999
卸点大坑27,,495084.892,4038948.827,11.083
卸点大坑28,,495086.580,4038942.647,11.111
卸点大坑29,,495088.159,4038934.357,11.257
卸点大坑30,,495091.308,4038926.748,11.069
卸点大坑31,,495091.433,4038916.761,12.099
卸点大坑32,,495092.163,4038912.031,11.954
卸点大坑33,,495093.534,4038907.732,11.134
卸点大坑34,,495093.552,4038900.756,11.279
卸点大坑35,,495089.026,4038894.953,11.293
卸点大坑36,,495091.264,4038880.741,11.364
卸点大坑37,,495095.622,4038876.589,11.358
卸点大坑38,,495097.587,4038865.698,11.209
卸点大坑39,,495099.376,4038857.741,11.286
卸点大坑40,,495099.311,4038847.897,11.462
卸点大坑41,,495102.554,4038842.695,11.545
卸点大坑42,,495108.454,4038832.211,11.588
卸点大坑43,,495120.370,4038825.353,11.555
卸点大坑44,,495125.590,4038819.565,11.346
卸点大坑45,,495125.694,4038817.654,11.318
卸点大坑46,,495126.089,4038814.312,11.375
卸点大坑47,,495126.231,4038811.931,11.408
卸点大坑48,,495124.198,4038807.342,11.738
卸点大坑49,,495123.509,4038805.452,11.827
卸点大坑50,,495122.112,4038802.322,11.831
卸点大坑51,,495118.732,4038798.473,11.959
卸点大坑52,,495118.456,4038795.923,12.018
卸点大坑53,,495117.496,4038790.790,11.898
卸点大坑54,,495115.836,4038787.888,12.106
卸点大坑55,,495113.635,4038785.546,12.053
卸点大坑56,,495109.071,4038783.257,12.134
卸点大坑57,,495107.505,4038783.537,12.076
卸点大坑58,,495105.824,4038783.818,12.068
卸点大坑59,,495103.372,4038783.218,11.969
卸点大坑60,,495100.559,4038783.324,11.949
卸点大坑61,,495097.308,4038781.794,12.068
卸点大坑62,,495095.879,4038780.710,12.028
卸点大坑63,,495089.597,4038783.021,11.362
卸点大坑64,,495085.812,4038782.727,11.561
卸点大坑65,,495078.488,4038781.406,11.850
卸点大坑66,,495076.291,4038780.807,11.913
卸点大坑67,,495074.327,4038780.634,11.843
卸点大坑68,,495072.296,4038779.921,11.802
卸点大坑69,,495069.464,4038780.027,11.862
卸点大坑70,,495069.189,4038780.104,11.888
卸点大坑71,,495066.179,4038779.969,11.893
卸点大坑72,,495064.491,4038779.805,12.099
卸点大坑73,,495061.931,4038779.250,11.867
卸点大坑74,,495059.418,4038779.522,11.746
卸点大坑75,,495057.530,4038779.958,11.917
卸点大坑76,,495055.557,4038779.563,11.951
卸点大坑77,,495053.684,4038779.248,11.886
卸点大坑78,,495052.233,4038779.315,11.786
卸点大坑79,,495050.580,4038779.335,11.666
卸点大坑80,,495049.653,4038779.393,11.699
卸点大坑81,,495048.016,4038779.357,11.731
卸点大坑82,,495045.608,4038778.642,11.683
卸点大坑83,,495044.573,4038778.335,11.661
卸点大坑84,,495042.655,4038777.787,11.800
卸点大坑85,,495040.909,4038777.326,11.875
卸点大坑86,,495039.245,4038776.750,11.890
卸点大坑87,,495038.393,4038776.523,11.929
卸点大坑88,,495036.736,4038775.382,11.707
卸点大坑89,,495035.127,4038774.599,11.689
卸点大坑90,,495033.575,4038773.499,11.687
卸点大坑91,,495031.827,4038773.146,11.731
卸点大坑92,,495030.436,4038772.586,11.614
卸点大坑93,,495029.007,4038771.920,11.865
卸点大坑94,,495026.634,4038770.538,11.902
卸点大坑95,,495024.555,4038770.029,12.099
卸点大坑96,,495022.851,4038769.547,12.043
卸点大坑97,,495020.175,4038768.964,12.098
卸点大坑98,,495017.563,4038768.062,12.144
卸点大坑99,,495015.513,4038767.422,12.120
卸点大坑100,,495014.120,4038766.475,12.166
卸点大坑101,,495012.493,4038765.759,12.040
卸点大坑102,,495010.173,4038764.500,12.043
卸点大坑103,,495008.013,4038763.260,11.923
卸点大坑104,,495006.762,4038762.625,12.154
卸点大坑105,,495005.339,4038762.296,11.970
卸点大坑106,,495003.222,4038761.193,11.940
卸点大坑107,,495000.718,4038760.381,11.822
卸点大坑108,,494999.048,4038759.647,12.068
卸点大坑109,,494996.953,4038758.569,12.081
卸点大坑110,,494993.518,4038756.858,11.867
卸点大坑111,,494992.058,4038756.202,12.027
卸点大坑112,,494989.247,4038755.396,11.814
卸点大坑113,,494986.418,4038754.437,11.895
卸点大坑114,,494984.460,4038753.961,11.979
卸点大坑115,,494981.842,4038753.345,11.791
卸点大坑116,,494979.675,4038752.699,11.995
卸点大坑117,,494976.989,4038752.348,11.781
卸点大坑118,,494975.089,4038751.834,11.980
卸点大坑119,,494972.236,4038751.644,11.815
卸点大坑120,,494969.440,4038750.824,11.777
卸点大坑121,,494966.999,4038750.210,11.850
卸点大坑122,,494964.260,4038749.802,11.759
卸点大坑123,,494962.499,4038749.336,11.841
卸点大坑124,,494960.139,4038748.432,11.817
卸点大坑125,,494959.359,4038748.208,11.670
卸点大坑126,,494957.363,4038747.882,11.807
卸点大坑127,,494955.617,4038747.220,11.675
卸点大坑128,,494951.776,4038746.189,11.929
卸点大坑129,,494948.397,4038745.162,11.781
卸点大坑130,,494944.801,4038744.525,11.837
卸点大坑131,,494942.244,4038744.436,11.834
卸点大坑132,,494939.512,4038744.219,11.879
卸点大坑133,,494937.022,4038743.550,12.126
卸点大坑134,,494934.707,4038742.834,12.084
卸点大坑135,,494931.171,4038741.435,11.917
卸点大坑136,,494929.436,4038740.574,12.048
卸点大坑137,,494927.142,4038739.477,12.087
卸点大坑138,,494923.485,4038738.258,11.929
卸点大坑139,,494922.069,4038738.146,12.094
卸点大坑140,,494919.387,4038738.990,11.987
卸点大坑141,,494917.703,4038738.775,12.174
卸点大坑142,,494915.719,4038738.426,11.879
卸点大坑143,,494913.959,4038738.812,11.574
卸点大坑144,,494912.265,4038740.826,11.852
卸点大坑145,,494911.737,4038741.513,11.908
卸点大坑146,,494910.919,4038743.094,12.185
卸点大坑147,,494909.996,4038744.805,12.134
卸点大坑148,,494909.266,4038745.986,12.319
卸点大坑149,,494908.420,4038747.654,12.469
卸点大坑150,,494906.779,4038749.385,12.392
卸点大坑151,,494905.447,4038750.588,12.296
卸点大坑152,,494902.117,4038751.636,12.590
卸点大坑153,,494900.243,4038752.500,12.692
卸点大坑154,,494897.999,4038754.453,12.518
卸点大坑155,,494896.469,4038755.458,12.444
卸点大坑156,,494895.512,4038756.877,12.503
卸点大坑157,,494894.579,4038757.863,12.706
卸点大坑158,,494892.957,4038759.330,12.489
卸点大坑159,,494891.397,4038760.462,12.317
卸点大坑160,,494889.815,4038761.048,12.327
卸点大坑161,,494888.155,4038763.164,12.277
卸点大坑162,,494887.259,4038764.290,12.514
卸点大坑163,,494885.769,4038766.291,12.325
卸点大坑164,,494884.330,4038769.893,12.335
卸点大坑165,,494883.763,4038771.368,12.306
卸点大坑166,,494883.636,4038773.657,12.090
卸点大坑167,,494882.847,4038775.414,12.382
卸点大坑168,,494881.047,4038777.981,12.161
卸点大坑169,,494880.185,4038780.170,12.084
卸点大坑170,,494880.268,4038780.199,12.032
卸点大坑171,,494879.757,4038781.701,12.467
卸点大坑172,,494879.021,4038783.302,12.421
卸点大坑173,,494878.509,4038784.883,12.388
卸点大坑174,,494878.664,4038786.069,11.940
卸点大坑175,,494879.419,4038787.943,11.924
卸点大坑176,,494880.988,4038789.648,11.587
卸点大坑177,,494881.527,4038790.548,11.601
卸点大坑178,,494882.151,4038791.235,11.499
卸点大坑179,,494882.463,4038794.357,11.629
卸点大坑180,,494882.719,4038796.202,11.676
卸点大坑181,,494882.355,4038798.451,11.668
卸点大坑182,,494882.362,4038801.815,11.505
卸点大坑183,,494882.439,4038804.231,11.722
卸点大坑184,,494882.173,4038806.461,11.912
卸点大坑185,,494880.712,4038809.771,11.997
卸点大坑186,,494880.081,4038812.167,12.122
卸点大坑187,,494879.385,4038814.816,11.975
卸点大坑188,,494878.280,4038817.334,11.991
卸点大坑189,,494877.058,4038820.530,12.025
卸点大坑190,,494876.184,4038822.138,11.586
卸点大坑191,,494874.798,4038824.908,11.767
卸点大坑192,,494874.020,4038827.015,11.729
卸点大坑193,,494874.592,4038828.904,11.930
卸点大坑194,,494875.057,4038831.413,11.779
卸点大坑195,,494875.088,4038832.775,11.900
卸点大坑196,,494874.462,4038835.038,11.922
卸点大坑197,,494873.000,4038839.288,11.955
卸点大坑198,,494872.549,4038841.532,12.074
卸点大坑199,,494872.738,4038844.695,11.917
卸点大坑200,,494872.296,4038846.165,12.009
卸点大坑201,,494872.064,4038848.155,12.001
卸点大坑202,,494871.468,4038849.441,11.871
卸点大坑203,,494870.652,4038850.826,11.858
卸点大坑204,,494870.095,4038852.013,11.907
卸点大坑205,,494868.902,4038854.867,11.926
卸点大坑206,,494867.841,4038857.189,12.079
卸点大坑207,,494867.335,4038859.761,11.654
卸点大坑208,,494866.922,4038862.698,11.822
卸点大坑209,,494866.891,4038864.092,11.765
卸点大坑210,,494866.248,4038866.527,11.820
卸点大坑211,,494865.489,4038868.247,11.888
卸点大坑212,,494864.999,4038870.420,11.693
卸点大坑213,,494864.912,4038871.976,11.749
卸点大坑214,,494864.381,4038874.035,11.807
卸点大坑215,,494864.078,4038876.248,11.617
卸点大坑216,,494864.025,4038878.861,11.504
卸点大坑217,,494862.978,4038881.277,11.202
卸点大坑218,,494862.794,4038884.668,11.291
卸点大坑219,,494862.641,4038886.075,11.531
卸点大坑220,,494862.413,4038888.514,11.460
卸点大坑221,,494862.091,4038890.356,11.377
卸点大坑222,,494861.437,4038892.942,11.160
卸点大坑223,,494860.946,4038894.461,11.225
卸点大坑224,,494860.619,4038897.495,11.037
卸点大坑225,,494860.205,4038899.492,11.148
卸点大坑226,,494860.047,4038901.461,11.301
卸点大坑227,,494859.760,4038903.694,11.281
卸点大坑228,,494859.683,4038906.357,11.457
卸点大坑229,,494858.711,4038908.451,11.921
卸点大坑230,,494858.358,4038910.903,11.909
卸点大坑231,,494859.010,4038913.315,12.130
卸点大坑232,,494859.144,4038915.574,11.733
卸点大坑233,,494861.068,4038917.286,11.567
卸点大坑234,,494863.799,4038918.192,12.060
卸点大坑235,,494864.501,4038920.359,11.748
卸点大坑236,,494864.517,4038921.463,11.657
卸点大坑237,,494865.847,4038923.153,11.568
卸点大坑238,,494866.317,4038924.006,11.890
卸点大坑239,,494866.927,4038924.778,11.655
卸点大坑240,,494867.791,4038925.871,11.660
卸点大坑241,,494869.539,4038927.653,11.662
卸点大坑242,,494871.146,4038928.385,11.809
卸点大坑243,,494873.451,4038929.154,12.056
卸点大坑244,,494874.622,4038929.972,11.607
卸点大坑245,,494875.777,4038931.761,11.752
卸点大坑246,,494878.200,4038933.765,12.301
卸点大坑247,,494878.920,4038934.737,12.524
卸点大坑248,,494881.181,4038936.611,12.647
卸点大坑249,,494883.215,4038937.051,12.259
卸点大坑250,,494885.286,4038937.849,11.973
卸点大坑251,,494888.368,4038940.319,12.132
卸点大坑252,,494889.904,4038940.585,12.065
卸点大坑253,,494892.008,4038941.171,11.881
卸点大坑254,,494894.788,4038942.472,11.685
卸点大坑255,,494895.889,4038943.868,11.645
卸点大坑256,,494897.417,4038944.451,11.981
卸点大坑257,,494898.605,4038945.207,11.509
卸点大坑258,,494902.363,4038945.302,12.039
卸点大坑259,,494904.754,4038945.501,11.914
卸点大坑260,,494906.920,4038945.697,12.108
卸点大坑261,,494908.400,4038946.104,12.379
卸点大坑262,,494910.455,4038946.642,12.666
卸点大坑263,,494913.541,4038946.937,12.747
卸点大坑264,,494915.083,4038947.311,12.522
卸点大坑265,,494917.630,4038948.087,12.141
卸点大坑266,,494920.238,4038947.301,11.803
卸点大坑267,,494922.241,4038947.444,12.029
卸点大坑268,,494924.978,4038947.982,11.731
卸点大坑269,,494926.929,4038948.208,11.974
卸点大坑270,,494929.145,4038948.839,11.922
卸点大坑271,,494931.569,4038949.644,11.701
卸点大坑272,,494934.277,4038950.729,11.670
卸点大坑273,,494935.640,4038951.750,11.877
卸点大坑274,,494938.582,4038952.163,11.615
卸点大坑275,,494940.261,4038952.049,11.753
卸点大坑276,,494942.763,4038951.077,11.601
卸点大坑277,,494944.962,4038951.262,11.632
卸点大坑278,,494948.032,4038952.121,11.653
卸点大坑279,,494949.935,4038952.935,11.386
卸点大坑280,,494952.292,4038954.185,11.302
卸点大坑281,,494956.515,4038954.382,10.914
卸点大坑282,,494957.422,4038952.115,11.079
卸点大坑283,,494957.799,4038950.789,10.898
卸点大坑284,,494958.443,4038948.045,10.196
卸点大坑285,,494959.161,4038946.410,10.048
卸点大坑286,,494960.190,4038942.642,9.403
卸点大坑287,,494961.528,4038939.342,8.848
卸点大坑288,,494962.337,4038937.530,8.704
卸点大坑289,,494963.402,4038934.962,8.375
卸点大坑290,,494964.389,4038932.380,8.072
卸点大坑291,,494965.230,4038930.671,7.777
卸点大坑292,,494966.302,4038928.126,7.281
卸点大坑293,,494967.056,4038926.140,7.269
卸点大坑294,,494968.169,4038923.656,6.653
卸点大坑295,,494969.145,4038921.786,6.487
卸点大坑296,,494971.017,4038919.295,6.013
卸点大坑297,,494972.548,4038916.674,5.851
卸点大坑298,,494974.231,4038914.256,5.782
卸点大坑299,,494975.399,4038912.631,5.688
卸点大坑300,,494976.381,4038911.158,5.614
卸点大坑301,,494978.747,4038909.170,5.626
卸点大坑302,,494980.742,4038908.583,5.405
卸点大坑303,,494983.828,4038907.725,5.235
卸点大坑304,,494991.577,4038899.353,4.966
卸点大坑305,,494991.940,4038898.958,4.909
卸点大坑306,,494993.471,4038898.318,4.838
卸点大坑307,,494996.265,4038897.797,4.769
卸点大坑308,,494998.306,4038897.240,4.897
卸点大坑309,,495000.904,4038896.372,4.375
卸点大坑310,,495002.810,4038895.960,4.454
卸点大坑311,,495004.942,4038895.989,4.214
卸点大坑312,,495007.573,4038896.204,4.297
卸点大坑313,,495009.414,4038896.352,4.185
卸点大坑314,,495012.551,4038896.499,4.066
卸点大坑315,,495014.274,4038896.786,3.986
卸点大坑316,,495016.160,4038897.643,4.086
卸点大坑317,,495017.982,4038900.015,3.816
卸点大坑318,,495019.140,4038901.569,3.874
卸点大坑319,,495020.427,4038903.420,3.923
卸点大坑320,,495021.094,4038906.480,4.106
卸点大坑321,,495021.041,4038908.250,4.424
卸点大坑322,,495021.282,4038910.858,3.994
卸点大坑323,,495022.298,4038912.709,3.951
卸点大坑324,,495023.790,4038915.278,4.042
卸点大坑325,,495024.240,4038917.442,4.269
卸点大坑326,,495024.971,4038920.101,4.272
卸点大坑327,,495025.720,4038922.816,4.153
卸点大坑328,,495025.374,4038924.591,4.315
卸点大坑329,,495022.848,4038926.789,4.227
卸点大坑330,,495021.073,4038927.538,4.500
卸点大坑331,,495018.965,4038928.604,4.588
卸点大坑332,,495016.429,4038930.246,4.479
卸点大坑333,,495015.238,4038932.690,4.643
卸点大坑334,,495014.505,4038935.636,4.452
卸点大坑335,,495013.751,4038937.722,4.706
卸点大坑336,,495012.199,4038940.377,4.513
卸点大坑337,,495010.772,4038941.829,4.763
卸点大坑338,,495008.988,4038943.319,4.763
卸点大坑339,,495006.634,4038945.238,4.633
卸点大坑340,,495004.040,4038946.918,4.662
卸点大坑341,,495001.867,4038948.884,4.688
卸点大坑342,,494999.442,4038950.232,4.821
卸点大坑343,,494996.703,4038951.991,4.925
卸点大坑344,,494995.298,4038952.955,5.047
卸点大坑345,,494991.443,4038953.018,5.060
卸点大坑346,,494987.383,4038952.939,5.434
卸点大坑347,,494985.634,4038953.188,5.843
卸点大坑348,,494982.618,4038953.358,5.755
卸点大坑349,,494981.012,4038952.893,6.089
卸点大坑350,,494977.252,4038952.139,6.074
卸点大坑351,,494975.024,4038951.898,6.226
卸点大坑352,,494973.228,4038951.286,6.395
卸点大坑353,,494970.156,4038950.656,6.541
卸点大坑354,,494968.332,4038949.717,6.866
卸点大坑355,,494966.504,4038948.486,6.945
卸点大坑356,,494967.115,4038945.266,6.555
卸点大坑357,,494968.014,4038942.455,6.219
卸点大坑358,,494968.467,4038940.597,6.152
卸点大坑359,,494969.156,4038936.960,5.787
卸点大坑360,,494969.494,4038934.854,5.692
卸点大坑361,,494969.358,4038931.172,5.646
卸点大坑362,,494970.401,4038928.830,5.831
卸点大坑363,,494972.975,4038921.329,5.925
卸点大坑364,,494975.716,4038919.650,5.910
卸点大坑365,,494978.135,4038919.364,5.777
卸点大坑366,,494981.352,4038919.162,5.626
卸点大坑367,,494983.238,4038918.924,5.323
卸点大坑368,,494985.420,4038918.885,5.396
卸点大坑369,,494988.830,4038919.122,5.127
卸点大坑370,,494991.139,4038919.211,4.855
卸点大坑371,,494994.279,4038919.368,4.744
卸点大坑372,,494997.581,4038919.650,4.659
卸点大坑373,,495000.820,4038919.548,4.542
卸点大坑374,,495001.915,4038919.462,4.476
卸点大坑375,,495007.327,4038919.647,4.615
卸点大坑376,,495010.516,4038919.220,4.642
卸点大坑377,,495013.866,4038919.348,4.683
卸点大坑378,,495018.132,4038919.874,4.467
卸点大坑379,,495018.649,4038922.395,4.586
卸点大坑380,,495015.595,4038923.914,4.528
卸点大坑381,,495012.608,4038925.387,4.443
卸点大坑382,,495010.053,4038927.065,4.724
卸点大坑383,,495008.914,4038927.679,4.726
卸点大坑384,,495005.989,4038929.205,4.828
卸点大坑385,,495003.877,4038929.895,4.775
卸点大坑386,,494999.350,4038930.905,4.925
卸点大坑387,,494996.326,4038931.235,4.924
卸点大坑388,,494993.446,4038931.488,4.946
卸点大坑389,,494988.352,4038929.408,5.179
卸点大坑390,,494982.502,4038926.775,5.489
卸点大坑391,,494978.461,4038923.002,5.722
卸点大坑392,,494972.474,4038919.896,5.996
卸点大坑393,,494968.913,4038916.787,5.971
卸点大坑394,,494963.295,4038913.944,5.952
卸点大坑395,,494958.115,4038914.392,6.115
卸点大坑396,,494952.903,4038920.795,6.301
卸点大坑397,,494950.677,4038921.984,6.644
卸点大坑398,,494947.615,4038921.062,6.285
卸点大坑399,,494944.530,4038919.829,6.459
卸点大坑400,,494941.804,4038917.884,6.431
卸点大坑401,,494938.621,4038914.606,6.258
卸点大坑402,,494937.819,4038912.563,6.373
卸点大坑403,,494937.216,4038907.931,6.288
卸点大坑404,,494937.072,4038904.919,6.199
卸点大坑405,,494938.307,4038899.853,6.441
卸点大坑406,,494938.662,4038896.538,6.189
卸点大坑407,,494940.428,4038893.922,6.259
卸点大坑408,,494941.666,4038892.520,6.301
卸点大坑409,,494944.142,4038890.669,6.398
卸点大坑410,,494944.792,4038888.516,6.137
卸点大坑411,,494943.638,4038884.929,5.617
卸点大坑412,,494944.096,4038882.756,5.766
卸点大坑413,,494944.552,4038880.137,5.414
卸点大坑414,,494942.894,4038877.611,5.284
卸点大坑415,,494940.039,4038874.752,5.306
卸点大坑416,,494938.997,4038872.782,5.003
卸点大坑417,,494939.558,4038870.505,5.270
卸点大坑418,,494942.379,4038869.371,4.723
卸点大坑419,,494945.261,4038870.291,4.973
卸点大坑420,,494947.050,4038871.259,5.342
卸点大坑421,,494948.190,4038873.985,5.712
卸点大坑422,,494950.363,4038875.674,5.299
卸点大坑423,,494951.115,4038877.966,5.808
卸点大坑424,,494952.794,4038880.948,5.555
卸点大坑425,,494954.853,4038883.456,5.929
卸点大坑426,,494957.663,4038885.183,6.502
卸点大坑427,,494960.268,4038885.642,6.405
卸点大坑428,,494963.542,4038886.010,5.897
卸点大坑429,,494966.186,4038887.263,5.946
卸点大坑430,,494967.840,4038888.118,5.988
卸点大坑431,,494969.532,4038890.249,5.739
卸点大坑432,,494970.431,4038892.908,5.366
卸点大坑433,,494969.505,4038896.241,5.801
卸点大坑434,,494968.686,4038899.344,5.801
卸点大坑435,,494966.897,4038901.624,5.791
卸点大坑436,,494963.916,4038900.247,5.705
卸点大坑437,,494962.163,4038898.747,5.905
卸点大坑438,,494960.153,4038897.349,5.825
卸点大坑439,,494957.113,4038896.185,5.860
卸点大坑440,,494955.037,4038895.402,5.992
卸点大坑441,,494951.743,4038894.969,5.985
卸点大坑442,,494948.416,4038895.306,6.034
卸点大坑443,,494945.409,4038896.251,6.118
卸点大坑444,,494943.139,4038899.876,6.096
卸点大坑445,,494944.755,4038901.986,6.156
卸点大坑446,,494947.158,4038904.011,6.065
卸点大坑447,,494948.813,4038904.764,6.032
卸点大坑448,,494955.529,4038909.197,5.983
卸点大坑449,,494957.249,4038911.391,6.058
卸点大坑450,,494957.570,4038913.907,6.227
卸点大坑451,,494957.521,4038917.305,6.358
卸点大坑452,,494957.937,4038920.884,6.767
卸点大坑453,,494957.476,4038923.274,7.113
卸点大坑454,,494956.805,4038926.640,7.556
卸点大坑455,,494955.582,4038929.991,8.098
卸点大坑456,,494953.578,4038933.734,8.700
卸点大坑457,,494951.610,4038936.473,9.417
卸点大坑458,,494949.621,4038939.250,10.040
卸点大坑459,,494947.552,4038941.843,10.737
卸点大坑460,,494945.531,4038944.553,10.806
卸点大坑461,,494943.237,4038947.870,11.340
卸点大坑462,,494946.932,4038948.632,11.340
卸点大坑463,,494949.799,4038946.812,10.790
卸点大坑464,,494951.641,4038945.325,10.664
卸点大坑465,,494953.003,4038943.522,10.340
卸点大坑466,,494955.223,4038940.677,9.419
卸点大坑467,,494956.714,4038938.582,9.181
卸点大坑468,,494957.979,4038936.475,8.960
卸点大坑469,,494959.735,4038933.339,8.245
卸点大坑470,,494961.389,4038930.264,7.835
卸点大坑471,,494962.869,4038927.605,7.505
卸点大坑472,,494964.396,4038924.860,6.813
卸点大坑473,,494965.497,4038922.870,6.741
卸点大坑474,,494967.484,4038919.899,6.365
卸点大坑475,,494969.346,4038916.948,5.546
卸点大坑476,,494970.085,4038916.009,5.730
卸点大坑477,,494972.002,4038913.212,5.549
卸点大坑478,,494973.593,4038910.338,5.625
卸点大坑479,,494976.859,4038908.782,5.433
卸点大坑480,,494979.652,4038907.113,5.217
卸点大坑481,,494980.307,4038904.713,4.715
卸点大坑482,,494980.942,4038902.953,4.399
卸点大坑483,,494982.005,4038900.430,3.984
卸点大坑484,,494982.902,4038897.508,3.186
卸点大坑485,,494983.822,4038895.979,3.114
卸点大坑486,,494985.156,4038893.665,2.689
卸点大坑487,,494979.592,4038891.032,2.866
卸点大坑488,,494976.887,4038889.717,2.901
卸点大坑489,,494975.614,4038891.781,3.027
卸点大坑490,,494974.479,4038895.000,3.878
卸点大坑491,,494972.599,4038898.606,4.168
卸点大坑492,,494970.231,4038902.156,5.349
卸点大坑493,,494977.392,4038882.363,2.310
卸点大坑494,,494975.765,4038881.519,2.425
卸点大坑495,,494972.523,4038880.575,2.554
卸点大坑496,,494970.116,4038880.142,2.650
卸点大坑497,,494966.939,4038879.628,2.783
卸点大坑498,,494965.125,4038878.736,3.054
卸点大坑499,,494963.002,4038877.852,3.110
卸点大坑500,,494958.720,4038878.009,3.239
卸点大坑501,,494957.183,4038877.137,3.350
卸点大坑502,,494956.428,4038873.350,3.319
卸点大坑503,,494953.440,4038871.514,3.942
卸点大坑504,,494949.694,4038870.686,4.393
卸点大坑505,,494951.335,4038868.389,4.233
卸点大坑506,,494951.826,4038866.244,4.583
卸点大坑507,,494951.316,4038864.479,4.465
卸点大坑508,,494948.995,4038860.244,4.330
卸点大坑509,,494944.701,4038859.371,3.549
卸点大坑510,,494942.697,4038860.557,3.638
卸点大坑511,,494937.769,4038861.993,3.466
卸点大坑512,,494935.343,4038860.563,3.442
卸点大坑513,,494933.510,4038858.022,3.302
卸点大坑514,,494931.696,4038853.444,3.489
卸点大坑515,,494932.812,4038850.212,3.676
卸点大坑516,,494933.753,4038847.500,3.577
卸点大坑517,,494933.679,4038845.483,3.415
卸点大坑518,,494933.427,4038842.135,3.446
卸点大坑519,,494933.171,4038838.920,3.546
卸点大坑520,,494933.335,4038837.066,3.445
卸点大坑521,,494934.144,4038833.344,3.284
卸点大坑522,,494934.631,4038830.127,3.265
卸点大坑523,,494935.382,4038827.665,3.771
卸点大坑524,,494935.154,4038824.617,3.478
卸点大坑525,,494935.976,4038821.956,3.522
卸点大坑526,,494936.886,4038817.338,3.331
卸点大坑527,,494936.227,4038816.542,3.467
卸点大坑528,,494935.376,4038814.616,3.550
卸点大坑529,,494933.792,4038811.852,3.857
卸点大坑530,,494932.609,4038808.927,3.642
卸点大坑531,,494932.576,4038805.812,3.527
卸点大坑532,,494933.031,4038802.785,3.755
卸点大坑533,,494932.162,4038799.362,3.506
卸点大坑534,,494931.459,4038797.537,3.548
卸点大坑535,,494929.842,4038794.761,3.420
卸点大坑536,,494928.077,4038791.453,3.592
卸点大坑537,,494927.021,4038789.761,3.564
卸点大坑538,,494926.026,4038787.069,3.688
卸点大坑539,,494925.527,4038786.248,3.611
卸点大坑540,,494924.743,4038784.949,3.556
卸点大坑541,,494923.696,4038782.893,3.567
卸点大坑542,,494922.237,4038779.977,3.312
卸点大坑543,,494921.917,4038777.243,3.431
卸点大坑544,,494923.595,4038774.767,3.437
卸点大坑545,,494925.354,4038773.799,3.457
卸点大坑546,,494928.896,4038772.505,3.218
卸点大坑547,,494931.870,4038771.361,3.393
卸点大坑548,,494937.388,4038769.718,3.576
卸点大坑549,,494941.277,4038765.578,3.677
卸点大坑550,,494944.016,4038762.023,3.499
卸点大坑551,,494946.192,4038758.578,3.283
卸点大坑552,,494952.816,4038756.989,2.653
卸点大坑553,,494956.932,4038758.787,2.970
卸点大坑554,,494961.696,4038760.390,3.110
卸点大坑555,,494967.792,4038761.445,3.314
卸点大坑556,,494972.884,4038761.341,3.191
卸点大坑557,,494978.131,4038761.284,3.131
卸点大坑558,,494982.718,4038763.383,3.118
卸点大坑559,,494986.920,4038765.445,3.206
卸点大坑560,,494993.302,4038769.169,3.193
卸点大坑561,,494996.505,4038772.128,3.076
卸点大坑562,,494999.632,4038774.239,2.965
卸点大坑563,,494998.297,4038779.551,2.724
卸点大坑564,,494997.792,4038783.840,2.791
卸点大坑565,,494996.861,4038789.482,2.688
卸点大坑566,,494999.886,4038796.633,2.427
卸点大坑567,,494999.578,4038802.670,2.051
卸点大坑568,,495000.870,4038808.675,2.480
卸点大坑569,,495001.784,4038813.369,2.857
卸点大坑570,,495002.087,4038819.331,2.606
卸点大坑571,,495005.023,4038826.326,2.764
卸点大坑572,,495001.404,4038830.834,2.043
卸点大坑573,,494999.757,4038835.511,2.222
卸点大坑574,,494999.635,4038841.313,2.087
卸点大坑575,,494998.528,4038846.120,1.964
卸点大坑576,,494995.264,4038853.299,1.712
卸点大坑577,,494993.570,4038860.921,1.854
卸点大坑578,,494992.634,4038867.712,1.905
卸点大坑579,,494992.666,4038875.520,1.774
卸点大坑580,,494991.514,4038882.441,2.285
卸点大坑581,,494989.838,4038887.660,2.218
卸点大坑582,,494986.776,4038892.501,2.348
卸点大坑583,,494984.490,4038888.055,2.458
卸点大坑584,,494981.991,4038883.239,2.567
卸点大坑585,,494977.375,4038873.955,2.040
卸点大坑586,,494974.542,4038869.181,2.336
卸点大坑587,,494970.929,4038863.430,2.623
卸点大坑588,,494967.846,4038859.636,2.878
卸点大坑589,,494963.915,4038854.665,2.987
卸点大坑590,,494959.923,4038850.151,3.188
卸点大坑591,,494957.001,4038845.574,3.215
卸点大坑592,,494953.561,4038840.868,3.263
卸点大坑593,,494949.744,4038836.579,3.283
卸点大坑594,,494947.707,4038833.036,3.508
卸点大坑595,,494944.319,4038827.557,3.512
卸点大坑596,,494941.361,4038822.974,3.497
卸点大坑597,,494938.461,4038818.056,3.633
卸点大坑598,,494935.880,4038813.113,3.691
卸点大坑599,,494933.088,4038808.161,3.513
卸点大坑600,,494938.455,4038807.466,3.629
卸点大坑601,,494946.003,4038806.076,3.524
卸点大坑602,,494950.590,4038804.888,3.475
卸点大坑603,,494955.693,4038803.388,3.240
卸点大坑604,,494960.418,4038801.647,2.909
卸点大坑605,,494964.885,4038799.635,2.678
卸点大坑606,,494968.370,4038797.571,2.749
卸点大坑607,,494971.792,4038795.670,2.644
卸点大坑608,,494975.466,4038793.669,2.403
卸点大坑609,,494978.612,4038791.947,2.427
卸点大坑610,,494981.824,4038789.841,2.547
卸点大坑611,,494984.382,4038788.164,2.631
卸点大坑612,,494987.519,4038785.795,2.816
卸点大坑613,,494990.253,4038783.535,2.923
卸点大坑614,,494993.758,4038780.657,3.030
卸点大坑615,,494997.082,4038778.267,3.033
卸点大坑616,,494999.387,4038776.270,3.035
卸点大坑617,,494996.304,4038791.083,2.492
卸点大坑618,,494998.650,4038794.146,2.391
卸点大坑619,,495003.904,4038796.524,1.774
卸点大坑620,,495005.702,4038794.500,1.756
卸点大坑621,,495007.333,4038792.236,1.311
卸点大坑622,,495007.111,4038790.096,1.271
卸点大坑623,,495008.272,4038789.008,1.326
卸点大坑624,,495009.981,4038786.395,1.248
卸点大坑625,,495010.699,4038783.781,1.302
卸点大坑626,,495011.318,4038781.473,1.209
卸点大坑627,,495012.715,4038781.019,1.306
卸点大坑628,,495013.890,4038781.185,1.392
卸点大坑629,,495015.823,4038781.650,1.264
卸点大坑630,,495017.600,4038781.522,1.196
卸点大坑631,,495018.944,4038780.955,1.524
卸点大坑632,,495021.844,4038780.582,1.333
卸点大坑633,,495022.687,4038781.849,1.462
卸点大坑634,,495023.395,4038783.329,1.391
卸点大坑635,,495024.996,4038785.107,1.415
卸点大坑636,,495026.613,4038786.063,1.517
卸点大坑637,,495028.923,4038786.029,1.663
卸点大坑638,,495029.782,4038786.130,1.768
卸点大坑639,,495031.886,4038786.784,2.140
卸点大坑640,,495032.519,4038786.889,2.187
卸点大坑641,,495034.745,4038786.238,1.787
卸点大坑642,,495036.920,4038785.859,2.182
卸点大坑643,,495038.487,4038786.261,1.984
卸点大坑644,,495039.029,4038787.717,1.711
卸点大坑645,,495039.159,4038789.867,1.907
卸点大坑646,,495038.282,4038792.221,2.054
卸点大坑647,,495037.243,4038793.079,1.780
卸点大坑648,,495036.049,4038793.957,1.637
卸点大坑649,,495034.840,4038795.307,1.263
卸点大坑650,,495033.187,4038796.580,1.406
卸点大坑651,,495032.299,4038799.207,1.284
卸点大坑652,,495029.412,4038799.847,1.182
卸点大坑653,,495027.952,4038799.159,1.219
卸点大坑654,,495025.583,4038798.793,1.406
卸点大坑655,,495022.756,4038799.096,1.079
卸点大坑656,,495020.769,4038799.640,1.250
卸点大坑657,,495019.061,4038800.911,1.502
卸点大坑658,,495019.283,4038802.108,1.458
卸点大坑659,,495019.810,4038804.002,1.806
卸点大坑660,,495019.753,4038806.022,1.374
卸点大坑661,,495019.992,4038807.679,1.483
卸点大坑662,,495017.978,4038808.291,1.533
卸点大坑663,,495014.926,4038809.073,1.965
卸点大坑664,,495012.745,4038808.117,1.479
卸点大坑665,,495011.301,4038807.837,1.543
卸点大坑666,,495008.851,4038805.961,1.576
卸点大坑667,,495008.137,4038803.504,1.539
卸点大坑668,,495007.627,4038801.572,1.749
卸点大坑669,,495008.089,4038806.789,1.704
卸点大坑670,,495006.728,4038807.586,1.728
卸点大坑671,,495005.840,4038809.027,1.774
卸点大坑672,,495005.907,4038810.215,1.706
卸点大坑673,,495005.865,4038812.077,1.675
卸点大坑674,,495005.903,4038812.769,1.993
卸点大坑675,,495005.897,4038814.548,1.601
卸点大坑676,,495005.992,4038815.998,1.546
卸点大坑677,,495005.949,4038818.024,1.594
卸点大坑678,,495006.295,4038819.915,1.598
卸点大坑679,,495006.649,4038821.154,1.861
卸点大坑680,,495007.725,4038823.746,1.561
卸点大坑681,,495009.101,4038824.286,1.575
卸点大坑682,,495009.821,4038823.764,1.801
卸点大坑683,,495011.557,4038823.396,1.352
卸点大坑684,,495013.879,4038823.956,1.646
卸点大坑685,,495014.555,4038821.324,1.362
卸点大坑686,,495013.510,4038821.650,1.370
卸点大坑687,,495010.921,4038822.954,1.380
卸点大坑688,,495009.726,4038825.618,1.724
卸点大坑689,,495010.769,4038828.676,2.712
卸点大坑690,,495010.521,4038830.811,3.184
卸点大坑691,,495009.139,4038831.284,3.804
卸点大坑692,,495008.030,4038831.431,4.100
卸点大坑693,,495007.524,4038831.757,4.041
卸点大坑694,,495006.290,4038832.986,3.907
卸点大坑695,,495006.235,4038833.575,3.984
卸点大坑696,,495007.412,4038833.619,4.540
卸点大坑697,,495008.739,4038834.104,4.792
卸点大坑698,,495009.567,4038836.546,5.048
卸点大坑699,,495009.892,4038838.837,4.922
卸点大坑700,,495009.422,4038840.615,5.114
卸点大坑701,,495009.678,4038842.175,5.050
卸点大坑702,,495011.335,4038843.501,4.355
卸点大坑703,,495011.959,4038843.344,3.987
卸点大坑704,,495012.492,4038842.462,3.931
卸点大坑705,,495012.959,4038840.256,3.621
卸点大坑706,,495012.493,4038837.868,3.426
卸点大坑707,,495013.644,4038835.656,3.442
卸点大坑708,,495015.513,4038836.339,3.561
卸点大坑709,,495016.228,4038838.073,3.841
卸点大坑710,,495017.013,4038840.904,3.731
卸点大坑711,,495016.423,4038844.577,3.654
卸点大坑712,,495015.793,4038847.134,3.552
卸点大坑713,,495015.424,4038849.734,3.667
卸点大坑714,,495017.389,4038850.935,3.475
卸点大坑715,,495019.267,4038851.792,3.565
卸点大坑716,,495022.409,4038854.241,3.528
卸点大坑717,,495024.009,4038854.988,3.498
卸点大坑718,,495024.792,4038854.055,3.520
卸点大坑719,,495024.479,4038851.466,3.397
卸点大坑720,,495024.774,4038848.748,3.300
卸点大坑721,,495025.580,4038845.061,3.512
卸点大坑722,,495027.344,4038841.292,4.606
卸点大坑723,,495027.760,4038840.776,4.814
卸点大坑724,,495029.952,4038839.339,4.642
卸点大坑725,,495032.765,4038838.953,4.367
卸点大坑726,,495034.344,4038838.828,4.400
卸点大坑727,,495037.091,4038840.865,3.971
卸点大坑728,,495037.342,4038843.325,3.640
卸点大坑729,,495040.006,4038845.629,3.589
卸点大坑730,,495041.370,4038846.656,3.641
卸点大坑731,,495044.089,4038847.373,3.704
卸点大坑732,,495046.082,4038848.034,3.756
卸点大坑733,,495047.621,4038848.703,3.746
卸点大坑734,,495048.737,4038848.866,3.760
卸点大坑735,,495050.588,4038849.304,3.787
卸点大坑736,,495054.504,4038850.570,3.754
卸点大坑737,,495055.360,4038850.837,3.990
卸点大坑738,,495058.119,4038851.800,3.716
卸点大坑739,,495061.083,4038852.448,3.808
卸点大坑740,,495064.415,4038853.164,3.822
卸点大坑741,,495065.898,4038854.062,3.922
卸点大坑742,,495068.013,4038854.740,3.866
卸点大坑743,,495070.670,4038855.600,3.816
卸点大坑744,,495072.551,4038856.065,4.040
卸点大坑745,,495075.775,4038857.257,4.024
卸点大坑746,,495077.392,4038857.683,4.031
卸点大坑747,,495080.211,4038857.132,4.172
卸点大坑748,,495080.981,4038855.354,4.168
卸点大坑749,,495081.876,4038853.303,4.329
卸点大坑750,,495081.923,4038850.966,4.661
卸点大坑751,,495081.981,4038847.950,4.825
卸点大坑752,,495082.598,4038846.350,4.876
卸点大坑753,,495083.249,4038844.333,4.875
卸点大坑754,,495083.764,4038841.261,4.787
卸点大坑755,,495084.497,4038837.245,4.823
卸点大坑756,,495084.906,4038834.919,5.361
卸点大坑757,,495084.865,4038831.888,5.921
卸点大坑758,,495085.306,4038828.878,6.250
卸点大坑759,,495085.460,4038826.937,6.390
卸点大坑760,,495086.443,4038824.058,6.260
卸点大坑761,,495088.582,4038819.247,5.976
卸点大坑762,,495089.390,4038817.297,6.340
卸点大坑763,,495089.672,4038814.266,6.222
卸点大坑764,,495090.718,4038810.275,6.438
卸点大坑765,,495087.547,4038808.744,6.354
卸点大坑766,,495085.636,4038808.286,6.571
卸点大坑767,,495082.170,4038807.122,6.465
卸点大坑768,,495080.358,4038807.414,6.426
卸点大坑769,,495079.412,4038809.888,6.493
卸点大坑770,,495077.497,4038812.411,6.568
卸点大坑771,,495077.681,4038814.001,6.581
卸点大坑772,,495078.416,4038816.902,6.549
卸点大坑773,,495078.545,4038820.441,6.602
卸点大坑774,,495078.909,4038822.513,6.422
卸点大坑775,,495079.330,4038826.125,6.355
卸点大坑776,,495079.899,4038828.095,6.324
卸点大坑777,,495081.082,4038830.745,5.846
卸点大坑778,,495081.066,4038832.525,5.726
卸点大坑779,,495080.837,4038834.360,5.354
卸点大坑780,,495080.118,4038836.344,5.227
卸点大坑781,,495079.057,4038839.340,4.866
卸点大坑782,,495078.164,4038841.101,4.712
卸点大坑783,,495076.390,4038843.550,4.507
卸点大坑784,,495075.673,4038844.318,4.533
卸点大坑785,,495073.888,4038846.540,4.165
卸点大坑786,,495072.517,4038849.580,3.816
卸点大坑787,,495071.770,4038851.429,3.920
卸点大坑788,,495074.979,4038857.044,4.094
卸点大坑789,,495078.370,4038859.859,4.107
卸点大坑790,,495078.485,4038862.399,4.091
卸点大坑791,,495077.185,4038865.676,4.089
卸点大坑792,,495076.585,4038868.749,4.298
卸点大坑793,,495075.389,4038872.543,4.279
卸点大坑794,,495074.961,4038874.278,4.390
卸点大坑795,,495073.130,4038876.629,4.590
卸点大坑796,,495071.083,4038877.819,5.389
卸点大坑797,,495069.392,4038877.606,5.533
卸点大坑798,,495068.148,4038879.249,5.678
卸点大坑799,,495061.726,4038877.950,5.172
卸点大坑800,,495059.476,4038876.992,5.115
卸点大坑801,,495057.031,4038877.116,4.951
卸点大坑802,,495054.819,4038876.914,5.057
卸点大坑803,,495053.567,4038876.716,4.925
卸点大坑804,,495052.077,4038876.240,4.904
卸点大坑805,,495050.532,4038875.767,4.862
卸点大坑806,,495048.282,4038875.425,4.860
卸点大坑807,,495045.233,4038874.954,4.862
卸点大坑808,,495043.537,4038874.656,4.770
卸点大坑809,,495040.922,4038874.008,4.825
卸点大坑810,,495039.956,4038873.752,4.914
卸点大坑811,,495037.454,4038873.367,4.763
卸点大坑812,,495035.047,4038872.862,4.678
卸点大坑813,,495032.822,4038872.053,4.634
卸点大坑814,,495031.202,4038871.828,4.518
卸点大坑815,,495029.941,4038870.257,4.252
卸点大坑816,,495028.792,4038869.349,4.348
卸点大坑817,,495025.829,4038869.517,4.255
卸点大坑818,,495023.944,4038869.559,4.224
卸点大坑819,,495022.785,4038869.681,4.103
卸点大坑820,,495019.980,4038870.068,4.376
卸点大坑821,,495018.406,4038869.808,4.416
卸点大坑822,,495016.191,4038869.000,4.461
卸点大坑823,,495013.025,4038868.622,4.342
卸点大坑824,,495011.229,4038868.197,4.347
卸点大坑825,,495009.109,4038867.390,4.349
卸点大坑826,,495010.176,4038866.236,4.550
卸点大坑827,,495011.801,4038865.463,4.687
卸点大坑828,,495012.752,4038864.052,4.906
卸点大坑829,,495014.009,4038862.098,5.126
卸点大坑830,,495014.244,4038860.828,5.739
卸点大坑831,,495013.198,4038859.046,6.158
卸点大坑832,,495012.950,4038857.503,6.196
卸点大坑833,,495014.096,4038856.549,6.179
卸点大坑834,,495003.581,4038872.629,1.859
卸点大坑835,,495009.880,4038873.267,0.850
卸点大坑836,,495015.408,4038874.052,0.654
卸点大坑837,,495020.959,4038875.126,0.938
卸点大坑838,,495025.759,4038875.332,0.984
卸点大坑839,,495030.053,4038875.364,0.955
卸点大坑840,,495034.792,4038876.405,1.113
卸点大坑841,,495040.302,4038877.401,1.096
卸点大坑842,,495045.522,4038878.621,0.998
卸点大坑843,,495049.752,4038879.377,1.523
卸点大坑844,,495055.163,4038880.289,1.277
卸点大坑845,,495059.376,4038882.290,1.129
卸点大坑846,,495064.168,4038884.465,1.702
卸点大坑847,,495069.626,4038885.631,2.183
卸点大坑848,,495071.356,4038890.226,2.503
卸点大坑849,,495072.505,4038894.374,2.241
卸点大坑850,,495072.271,4038898.245,1.960
卸点大坑851,,495074.098,4038904.145,1.250
卸点大坑852,,495075.555,4038907.557,1.229
卸点大坑853,,495074.642,4038912.778,1.008
卸点大坑854,,495073.997,4038917.398,0.996
卸点大坑855,,495072.569,4038922.614,0.941
卸点大坑856,,495071.170,4038928.037,1.232
卸点大坑857,,495069.929,4038931.181,1.280
卸点大坑858,,495067.521,4038936.930,1.015
卸点大坑859,,495066.650,4038941.589,1.079
卸点大坑860,,495066.551,4038948.068,1.371
卸点大坑861,,495065.958,4038954.989,1.641
卸点大坑862,,495063.323,4038958.927,0.909
卸点大坑863,,495061.315,4038951.861,1.008
卸点大坑864,,495057.311,4038945.946,0.830
卸点大坑865,,495053.115,4038949.248,1.263
卸点大坑866,,495050.699,4038955.009,2.273
卸点大坑867,,495048.835,4038960.317,3.470
卸点大坑868,,495048.421,4038966.785,4.219
卸点大坑869,,495046.648,4038969.092,4.230
卸点大坑870,,495042.983,4038967.637,4.301
卸点大坑871,,495038.405,4038966.120,3.099
卸点大坑872,,495033.526,4038962.325,1.486
卸点大坑873,,495032.342,4038959.075,1.595
卸点大坑874,,495026.657,4038956.247,2.010
卸点大坑875,,495021.692,4038961.266,2.042
卸点大坑876,,495016.958,4038961.094,1.594
卸点大坑877,,495012.206,4038960.349,2.360
卸点大坑878,,495007.955,4038959.165,1.919
卸点大坑879,,495005.431,4038956.894,1.637
卸点大坑880,,495008.386,4038953.883,1.440
卸点大坑881,,495012.745,4038948.496,2.173
卸点大坑882,,495017.731,4038945.531,2.118
卸点大坑883,,495021.596,4038941.721,1.661
卸点大坑884,,495023.365,4038937.716,1.203
卸点大坑885,,495025.780,4038934.215,1.106
卸点大坑886,,495029.743,4038931.483,1.350
卸点大坑887,,495033.417,4038925.768,1.368
卸点大坑888,,495033.679,4038920.114,1.478
卸点大坑889,,495034.524,4038916.523,2.034
卸点大坑890,,495031.569,4038915.232,1.038
卸点大坑891,,495032.904,4038912.316,0.614
卸点大坑892,,495034.025,4038908.525,1.202
卸点大坑893,,495031.040,4038905.226,1.224
卸点大坑894,,495026.939,4038899.912,1.080
卸点大坑895,,495022.392,4038894.997,1.056
卸点大坑896,,495019.925,4038891.401,1.017
卸点大坑897,,495015.331,4038889.411,0.532
卸点大坑898,,495010.768,4038889.522,1.050
卸点大坑899,,495004.194,4038889.054,0.972
卸点大坑900,,495002.204,4038885.649,0.920
卸点大坑901,,495002.800,4038881.334,1.521
卸点大坑902,,495004.380,4038877.890,1.441
卸点大坑903,,495003.949,4038875.198,2.405
卸点大坑904,,494951.672,4038872.193,4.098
卸点大坑905,,494945.832,4038865.253,2.408
卸点大坑906,,494941.323,4038864.546,2.341
卸点大坑907,,494927.614,4038870.632,4.286
卸点大坑908,,494927.359,4038871.510,4.295
卸点大坑909,,494926.818,4038872.983,4.344
卸点大坑910,,494925.830,4038874.412,4.617
卸点大坑911,,494925.560,4038877.348,4.342
卸点大坑912,,494925.475,4038879.738,4.327
卸点大坑913,,494924.694,4038881.358,4.314
卸点大坑914,,494923.524,4038883.239,4.243
卸点大坑915,,494922.648,4038886.888,4.128
卸点大坑916,,494922.794,4038888.459,3.966
卸点大坑917,,494923.357,4038889.622,3.827
卸点大坑918,,494923.605,4038891.078,3.917
卸点大坑919,,494923.772,4038891.758,3.809
卸点大坑920,,494923.565,4038892.204,3.437
卸点大坑921,,494922.068,4038893.670,3.051
卸点大坑922,,494921.327,4038894.879,3.036
卸点大坑923,,494920.155,4038896.026,2.472
卸点大坑924,,494919.316,4038896.648,2.403
卸点大坑925,,494917.238,4038898.245,2.300
卸点大坑926,,494917.137,4038899.856,2.468
卸点大坑927,,494918.657,4038902.097,2.793
卸点大坑928,,494918.310,4038903.413,4.264
卸点大坑929,,494917.430,4038904.818,3.955
卸点大坑930,,494917.429,4038906.161,3.915
卸点大坑931,,494918.250,4038909.329,3.977
卸点大坑932,,494919.596,4038910.951,3.360
卸点大坑933,,494922.010,4038913.273,3.382
卸点大坑934,,494922.590,4038913.840,3.329
卸点大坑935,,494924.525,4038915.497,3.578
卸点大坑936,,494926.618,4038917.318,3.890
卸点大坑937,,494928.897,4038919.555,4.243
卸点大坑938,,494929.298,4038921.674,4.543
卸点大坑939,,494929.094,4038923.399,4.339
卸点大坑940,,494926.995,4038924.010,4.261
卸点大坑941,,494926.742,4038926.941,4.443
卸点大坑942,,494928.039,4038929.128,4.513
卸点大坑943,,494928.699,4038930.545,3.909
卸点大坑944,,494928.416,4038932.134,3.815
卸点大坑945,,494925.998,4038933.497,4.063
卸点大坑946,,494924.525,4038934.611,3.965
卸点大坑947,,494921.966,4038936.419,3.403
卸点大坑948,,494920.943,4038937.998,3.942
卸点大坑949,,494919.129,4038940.120,3.777
卸点大坑950,,494918.151,4038940.291,3.698
卸点大坑951,,494916.677,4038939.948,3.815
卸点大坑952,,494914.608,4038939.664,3.699
卸点大坑953,,494912.942,4038938.068,3.833
卸点大坑954,,494910.379,4038936.803,4.248
卸点大坑955,,494906.126,4038933.077,4.071
卸点大坑956,,494904.236,4038930.918,4.091
卸点大坑957,,494901.441,4038930.605,3.649
卸点大坑958,,494899.360,4038929.821,3.870
卸点大坑959,,494896.995,4038928.486,4.181
卸点大坑960,,494895.544,4038927.951,4.471
卸点大坑961,,494893.215,4038926.237,4.071
卸点大坑962,,494890.334,4038925.675,4.281
卸点大坑963,,494887.503,4038924.660,4.795
卸点大坑964,,494885.879,4038924.047,4.714
卸点大坑965,,494884.195,4038922.770,4.608
卸点大坑966,,494882.320,4038921.221,4.836
卸点大坑967,,494880.549,4038920.993,4.691
卸点大坑968,,494879.507,4038918.830,4.738
卸点大坑969,,494878.747,4038918.687,4.485
卸点大坑970,,494877.400,4038917.662,4.794
卸点大坑971,,494875.254,4038916.013,4.715
卸点大坑972,,494873.811,4038914.450,4.637
卸点大坑973,,494873.583,4038913.182,4.623
卸点大坑974,,494873.420,4038911.238,4.730
卸点大坑975,,494870.208,4038907.927,5.012
卸点大坑976,,494869.243,4038906.167,4.944
卸点大坑977,,494869.323,4038903.482,4.715
卸点大坑978,,494869.587,4038902.163,4.433
卸点大坑979,,494873.536,4038900.526,4.120
卸点大坑980,,494873.649,4038901.095,4.090
卸点大坑981,,494875.902,4038901.710,4.146
卸点大坑982,,494877.353,4038902.904,4.527
卸点大坑983,,494878.793,4038903.497,4.249
卸点大坑984,,494881.575,4038903.829,4.232
卸点大坑985,,494882.738,4038904.056,3.918
卸点大坑986,,494884.380,4038904.340,3.959
卸点大坑987,,494886.969,4038904.783,3.897
卸点大坑988,,494890.138,4038904.458,4.395
卸点大坑989,,494892.243,4038903.936,5.039
卸点大坑990,,494894.128,4038903.780,4.944
卸点大坑991,,494896.835,4038904.430,4.226
卸点大坑992,,494898.346,4038904.635,4.410
卸点大坑993,,494900.681,4038905.413,4.439
卸点大坑994,,494903.779,4038906.467,4.741
卸点大坑995,,494904.878,4038906.908,4.819
卸点大坑996,,494907.141,4038906.551,3.853
卸点大坑997,,494907.489,4038903.446,2.830
卸点大坑998,,494905.835,4038903.262,2.332
卸点大坑999,,494904.482,4038902.696,2.024
卸点大坑1000,,494903.592,4038901.386,2.049
卸点大坑1001,,494900.427,4038900.339,1.303
卸点大坑1002,,494897.512,4038900.487,1.902
卸点大坑1003,,494895.141,4038900.722,2.273
卸点大坑1004,,494893.453,4038900.376,1.618
卸点大坑1005,,494892.974,4038900.091,1.657
卸点大坑1006,,494891.714,4038900.058,1.690
卸点大坑1007,,494890.030,4038899.780,1.465
卸点大坑1008,,494887.793,4038898.736,1.390
卸点大坑1009,,494881.797,4038896.036,1.263
卸点大坑1010,,494878.424,4038894.229,1.064
卸点大坑1011,,494876.498,4038893.368,1.163
卸点大坑1012,,494875.587,4038892.428,0.972
卸点大坑1013,,494873.428,4038889.992,0.958
卸点大坑1014,,494872.113,4038884.193,1.057
卸点大坑1015,,494873.545,4038884.346,1.032
卸点大坑1016,,494875.304,4038885.029,1.289
卸点大坑1017,,494876.088,4038879.736,2.914
卸点大坑1018,,494875.528,4038879.438,3.231
卸点大坑1019,,494875.128,4038879.279,3.186
卸点大坑1020,,494873.387,4038878.293,4.350
卸点大坑1021,,494873.619,4038877.066,4.615
卸点大坑1022,,494874.173,4038875.372,4.390
卸点大坑1023,,494874.537,4038874.153,4.080
卸点大坑1024,,494875.162,4038872.611,4.384
卸点大坑1025,,494875.528,4038870.977,4.931
卸点大坑1026,,494875.549,4038870.145,4.903
卸点大坑1027,,494876.526,4038865.784,5.245
卸点大坑1028,,494877.196,4038864.147,5.421
卸点大坑1029,,494878.702,4038861.780,5.245
卸点大坑1030,,494881.266,4038860.066,4.791
卸点大坑1031,,494881.321,4038858.494,5.210
卸点大坑1032,,494879.339,4038856.180,5.099
卸点大坑1033,,494879.022,4038853.757,4.707
卸点大坑1034,,494880.023,4038851.482,4.503
卸点大坑1035,,494880.477,4038850.368,4.914
卸点大坑1036,,494881.294,4038848.431,4.950
卸点大坑1037,,494880.303,4038845.677,4.933
卸点大坑1038,,494879.920,4038843.824,5.134
卸点大坑1039,,494881.445,4038843.110,5.293
卸点大坑1040,,494882.189,4038842.574,4.970
卸点大坑1041,,494883.074,4038840.504,4.979
卸点大坑1042,,494883.149,4038838.313,5.489
卸点大坑1043,,494882.586,4038837.504,5.741
卸点大坑1044,,494882.476,4038834.875,4.152
卸点大坑1045,,494882.206,4038833.205,3.976
卸点大坑1046,,494882.578,4038829.715,3.901
卸点大坑1047,,494882.800,4038828.541,4.041
卸点大坑1048,,494883.226,4038827.119,3.764
卸点大坑1049,,494883.921,4038824.981,3.946
卸点大坑1050,,494883.767,4038824.240,4.056
卸点大坑1051,,494883.599,4038822.763,4.408
卸点大坑1052,,494884.274,4038820.629,4.844
卸点大坑1053,,494885.873,4038819.774,5.027
卸点大坑1054,,494887.833,4038818.073,4.666
卸点大坑1055,,494887.829,4038813.557,4.569
卸点大坑1056,,494887.986,4038813.496,4.515
卸点大坑1057,,494887.174,4038810.590,5.426
卸点大坑1058,,494887.117,4038808.891,4.871
卸点大坑1059,,494887.475,4038806.402,4.964
卸点大坑1060,,494888.543,4038804.026,4.656
卸点大坑1061,,494889.509,4038803.084,4.733
卸点大坑1062,,494889.890,4038801.038,4.558
卸点大坑1063,,494891.669,4038796.517,4.429
卸点大坑1064,,494892.223,4038795.072,4.445
卸点大坑1065,,494892.388,4038793.505,4.395
卸点大坑1066,,494893.128,4038790.672,4.401
卸点大坑1067,,494893.573,4038789.264,4.173
卸点大坑1068,,494893.964,4038788.911,4.055
卸点大坑1069,,494895.885,4038787.601,4.568
卸点大坑1070,,494897.308,4038783.231,4.927
卸点大坑1071,,494900.179,4038777.280,4.823
卸点大坑1072,,494900.687,4038774.043,4.836
卸点大坑1073,,494901.125,4038770.513,4.912
卸点大坑1074,,494902.832,4038767.348,5.303
卸点大坑1075,,494904.449,4038765.596,6.293
卸点大坑1076,,494906.244,4038765.125,6.203
卸点大坑1077,,494909.246,4038763.309,6.347
卸点大坑1078,,494910.739,4038760.979,5.705
卸点大坑1079,,494912.553,4038761.328,6.344
卸点大坑1080,,494913.807,4038761.460,6.836
卸点大坑1081,,494913.881,4038762.511,6.904
卸点大坑1082,,494912.375,4038765.150,7.202
卸点大坑1083,,494908.869,4038768.333,5.760
卸点大坑1084,,494909.093,4038770.877,5.738
卸点大坑1085,,494909.756,4038773.752,5.243
卸点大坑1086,,494910.336,4038776.203,5.295
卸点大坑1087,,494911.759,4038777.574,5.322
卸点大坑1088,,494914.065,4038777.221,4.314
卸点大坑1089,,494915.662,4038777.837,3.796
卸点大坑1090,,494917.584,4038777.958,3.637
卸点大坑1091,,494920.937,4038777.332,3.469
卸点大坑1092,,494923.861,4038775.339,3.410