1,,494674.545000,4038469.186000,35.756000
2,,494674.577000,4038469.151000,35.743000
3,,494675.475000,4038469.358000,35.469000
4,,494676.319000,4038470.249000,35.322000
5,,494679.808000,4038471.481000,35.144000
6,,494681.833000,4038472.747000,34.956000
7,,494684.538000,4038471.986000,34.907000
8,,494686.422000,4038472.961000,35.185000
9,,494687.740000,4038474.190000,35.709000
10,,494688.575000,4038477.031000,35.480000
11,,494688.691000,4038480.920000,35.798000
12,,494689.112000,4038484.413000,36.401000
13,,494689.314000,4038486.279000,36.332000
14,,494689.330000,4038487.973000,36.579000
15,,494689.199000,4038491.107000,36.584000
16,,494688.924000,4038493.507000,36.925000
17,,494689.463000,4038496.569000,36.994000
18,,494690.375000,4038497.492000,37.356000
19,,494689.627000,4038501.795000,37.656000
20,,494690.666000,4038504.990000,38.133000
21,,494689.470000,4038509.573000,38.352000
22,,494689.496000,4038511.859000,38.630000
23,,494689.427000,4038514.897000,39.353000
24,,494689.521000,4038521.002000,39.471000
25,,494689.750000,4038527.132000,39.781000
26,,494686.394000,4038531.223000,40.309000
27,,494688.300000,4038533.265000,40.675000
28,,494687.960000,4038539.975000,39.869000
29,,494686.158000,4038543.533000,40.344000
30,,494685.724000,4038544.512000,40.454000
31,,494685.455000,4038544.084000,39.916000
32,,494683.052000,4038544.047000,39.789000
33,,494679.800000,4038541.438000,39.615000
34,,494673.847000,4038543.363000,40.569000
35,,494676.786000,4038545.891000,40.638000
36,,494673.045000,4038543.177000,40.323000
37,,494673.286000,4038543.159000,40.131000
38,,494674.987000,4038541.549000,39.744000
39,,494677.285000,4038538.624000,39.612000
40,,494675.533000,4038536.319000,39.943000
41,,494672.881000,4038531.742000,39.394000
42,,494681.352000,4038537.333000,39.097000
43,,494680.493000,4038536.278000,39.043000
44,,494678.954000,4038535.239000,38.890000
45,,494676.890000,4038533.110000,38.661000
46,,494675.707000,4038531.657000,38.773000
47,,494674.129000,4038528.465000,38.632000
48,,494678.520000,4038527.332000,38.732000
49,,494678.081000,4038526.165000,38.802000
50,,494676.896000,4038524.118000,38.253000
51,,494675.085000,4038521.621000,38.319000
52,,494675.807000,4038521.449000,38.357000
53,,494676.643000,4038519.803000,38.878000
54,,494677.341000,4038517.645000,38.880000
55,,494677.635000,4038514.108000,38.575000
56,,494677.406000,4038509.746000,38.308000
57,,494674.929000,4038509.393000,38.390000
58,,494672.589000,4038512.218000,38.503000
59,,494671.566000,4038514.278000,38.689000
60,,494671.706000,4038516.844000,38.867000
61,,494672.489000,4038508.392000,38.481000
62,,494674.446000,4038505.919000,37.926000
63,,494675.768000,4038503.684000,37.705000
64,,494674.674000,4038500.606000,37.637000
65,,494677.571000,4038499.364000,37.088000
66,,494677.869000,4038497.561000,37.107000
67,,494676.449000,4038495.498000,37.163000
68,,494676.314000,4038493.275000,37.220000
69,,494677.896000,4038492.645000,36.527000
70,,494676.777000,4038490.348000,36.286000
71,,494677.857000,4038489.028000,36.817000
72,,494680.267000,4038488.822000,36.691000
73,,494678.981000,4038486.103000,36.526000
74,,494676.584000,4038485.581000,36.841000
75,,494674.214000,4038484.350000,36.782000
76,,494672.842000,4038482.756000,36.868000
77,,494671.626000,4038479.885000,36.534000
78,,494670.513000,4038478.722000,36.340000
79,,494669.404000,4038476.838000,36.079000
80,,494668.142000,4038476.476000,36.128000
81,,494667.669000,4038480.246000,36.287000
82,,494667.785000,4038483.629000,36.546000
83,,494668.894000,4038487.600000,37.179000
84,,494670.405000,4038490.742000,37.374000
85,,494671.665000,4038493.213000,37.444000
86,,494665.965000,4038482.373000,36.764000
87,,494666.462000,4038480.099000,36.267000
88,,494666.702000,4038477.085000,35.858000
89,,494666.108000,4038474.215000,35.666000
90,,494665.805000,4038472.153000,35.838000
91,,494665.121000,4038468.429000,35.472000
92,,494664.424000,4038466.229000,35.565000
93,,494663.088000,4038464.181000,35.310000
94,,494661.898000,4038463.426000,35.370000
95,,494659.775000,4038462.575000,35.188000
96,,494656.318000,4038462.275000,34.796000
97,,494653.003000,4038461.969000,34.622000
98,,494650.452000,4038461.368000,34.843000
99,,494647.821000,4038460.562000,34.903000
100,,494645.386000,4038460.264000,34.929000
101,,494643.533000,4038459.515000,34.824000
102,,494640.239000,4038460.030000,34.939000
103,,494637.736000,4038460.004000,35.062000
104,,494634.763000,4038459.543000,35.035000
105,,494631.993000,4038457.411000,35.185000
106,,494630.122000,4038456.972000,35.193000
107,,494627.221000,4038456.099000,34.877000
108,,494624.246000,4038456.424000,34.728000
109,,494621.588000,4038455.923000,34.695000
110,,494620.115000,4038456.106000,34.876000
111,,494617.010000,4038455.921000,34.702000
112,,494615.159000,4038455.766000,34.916000
113,,494612.493000,4038455.471000,35.148000
114,,494609.390000,4038454.772000,35.159000
115,,494606.007000,4038453.909000,35.076000
116,,494602.737000,4038453.572000,34.808000
117,,494599.447000,4038453.238000,34.713000
118,,494597.388000,4038453.130000,34.742000
119,,494594.075000,4038452.979000,34.665000
120,,494591.016000,4038453.007000,34.557000
121,,494590.287000,4038454.754000,34.802000
122,,494589.801000,4038457.353000,34.824000
123,,494591.438000,4038457.977000,35.084000
124,,494593.229000,4038458.061000,34.951000
125,,494595.940000,4038458.711000,34.409000
126,,494597.982000,4038459.144000,34.596000
127,,494600.217000,4038459.817000,34.797000
128,,494602.591000,4038460.240000,35.056000
129,,494605.233000,4038460.033000,35.308000
130,,494607.659000,4038460.544000,35.095000
131,,494609.268000,4038460.777000,35.417000
132,,494611.927000,4038461.077000,35.195000
133,,494613.479000,4038461.071000,35.191000
134,,494616.147000,4038461.947000,34.648000
135,,494617.863000,4038462.077000,34.838000
136,,494620.675000,4038462.254000,34.711000
137,,494623.211000,4038462.293000,34.857000
138,,494625.862000,4038463.120000,35.087000
139,,494627.645000,4038463.373000,34.974000
140,,494630.889000,4038463.377000,35.045000
141,,494632.699000,4038463.554000,35.286000
142,,494635.860000,4038463.315000,35.001000
143,,494638.048000,4038463.249000,34.967000
144,,494640.297000,4038463.601000,34.958000
145,,494643.142000,4038464.015000,34.592000
146,,494645.701000,4038464.136000,34.670000
147,,494648.067000,4038464.080000,34.678000
148,,494651.123000,4038463.872000,34.602000
149,,494652.280000,4038464.307000,34.653000
150,,494654.464000,4038464.593000,34.680000
151,,494655.692000,4038464.294000,34.933000
152,,494657.979000,4038464.910000,35.057000
153,,494661.814000,4038466.697000,35.006000
154,,494663.234000,4038467.488000,35.289000
155,,494666.387000,4038468.627000,35.867000
156,,494667.233000,4038470.060000,36.102000
157,,494666.416000,4038471.592000,35.902000
158,,494663.584000,4038471.892000,35.399000
159,,494660.952000,4038471.952000,34.854000
160,,494658.120000,4038472.152000,35.574000
161,,494656.447000,4038471.478000,35.805000
162,,494654.238000,4038470.913000,35.656000
163,,494651.423000,4038470.433000,35.625000
164,,494650.208000,4038470.290000,35.762000
165,,494647.537000,4038470.275000,35.534000
166,,494644.764000,4038470.204000,35.080000
167,,494642.917000,4038469.391000,35.245000
168,,494640.551000,4038468.994000,35.342000
169,,494637.867000,4038468.634000,35.518000
170,,494635.916000,4038468.509000,35.521000
171,,494633.784000,4038468.090000,35.313000
172,,494631.051000,4038467.568000,35.367000
173,,494628.116000,4038467.118000,35.060000
174,,494626.357000,4038467.101000,35.168000
175,,494623.393000,4038466.455000,34.901000
176,,494621.557000,4038466.157000,35.007000
177,,494618.505000,4038465.495000,34.674000
178,,494616.954000,4038465.314000,34.700000
179,,494614.547000,4038465.208000,34.579000
180,,494611.667000,4038464.921000,34.824000
181,,494609.478000,4038464.518000,35.073000
182,,494608.066000,4038464.316000,35.328000
183,,494605.362000,4038463.890000,35.168000
184,,494602.746000,4038463.257000,35.061000
185,,494601.175000,4038463.019000,34.920000
186,,494598.451000,4038462.262000,34.642000
187,,494596.376000,4038462.363000,34.426000
188,,494593.938000,4038461.988000,34.749000
189,,494591.915000,4038461.873000,34.793000
190,,494589.329000,4038461.695000,35.032000
191,,494585.990000,4038463.398000,34.851000
192,,494587.003000,4038464.516000,34.874000
193,,494589.708000,4038465.531000,35.002000
194,,494593.429000,4038464.911000,34.611000
195,,494595.473000,4038466.182000,34.418000
196,,494599.112000,4038467.622000,34.318000
197,,494600.749000,4038467.619000,34.556000
198,,494603.303000,4038468.127000,34.685000
199,,494605.776000,4038468.966000,34.908000
200,,494608.171000,4038469.198000,34.946000
201,,494611.061000,4038469.338000,34.371000
202,,494613.494000,4038469.485000,34.553000
203,,494616.033000,4038469.768000,34.578000
204,,494618.534000,4038469.648000,34.588000
205,,494621.291000,4038469.904000,34.858000
206,,494623.161000,4038470.565000,35.209000
207,,494626.157000,4038470.719000,35.358000
208,,494628.615000,4038471.073000,35.521000
209,,494631.591000,4038471.373000,35.379000
210,,494633.591000,4038471.312000,35.587000
211,,494636.446000,4038471.604000,35.396000
212,,494639.050000,4038471.785000,35.443000
213,,494641.078000,4038472.289000,35.778000
214,,494643.245000,4038473.009000,35.581000
215,,494646.761000,4038473.342000,35.281000
216,,494648.932000,4038473.237000,35.654000
217,,494650.148000,4038473.101000,35.986000
218,,494652.276000,4038472.976000,35.910000
219,,494654.237000,4038473.704000,35.387000
220,,494656.241000,4038473.669000,35.753000
221,,494658.676000,4038474.199000,36.003000
222,,494662.228000,4038474.841000,35.235000
223,,494666.606000,4038475.394000,35.683000
224,,494667.195000,4038478.382000,35.961000
225,,494665.807000,4038480.022000,36.039000
226,,494664.164000,4038480.331000,36.222000
227,,494659.594000,4038480.705000,36.221000
228,,494655.195000,4038480.933000,36.287000
229,,494653.138000,4038480.512000,36.258000
230,,494649.637000,4038479.827000,36.321000
231,,494647.349000,4038479.731000,35.808000
232,,494645.313000,4038479.316000,35.862000
233,,494643.102000,4038479.059000,35.875000
234,,494640.700000,4038478.511000,35.790000
235,,494637.564000,4038478.182000,35.486000
236,,494635.781000,4038477.981000,35.593000
237,,494632.736000,4038477.323000,35.479000
238,,494631.256000,4038476.947000,35.728000
239,,494628.443000,4038475.860000,35.676000
240,,494624.421000,4038474.730000,35.433000
241,,494622.017000,4038474.050000,34.975000
242,,494618.845000,4038473.845000,34.476000
243,,494617.424000,4038473.813000,34.497000
244,,494614.674000,4038473.560000,34.259000
245,,494612.309000,4038473.159000,34.208000
246,,494610.116000,4038472.842000,34.906000
247,,494607.629000,4038472.395000,35.027000
248,,494605.106000,4038472.044000,35.034000
249,,494602.688000,4038471.305000,34.719000
250,,494599.688000,4038471.111000,34.391000
251,,494597.207000,4038470.777000,34.413000
252,,494594.476000,4038470.821000,34.406000
253,,494590.633000,4038470.450000,34.830000
254,,494590.933000,4038472.460000,35.036000
255,,494592.140000,4038473.927000,34.862000
256,,494594.758000,4038474.442000,34.414000
257,,494597.834000,4038474.895000,34.239000
258,,494600.661000,4038475.098000,34.387000
259,,494603.146000,4038475.018000,34.661000
260,,494605.732000,4038474.729000,34.835000
261,,494607.353000,4038474.509000,34.781000
262,,494609.413000,4038474.200000,34.555000
263,,494611.648000,4038474.370000,34.307000
264,,494614.221000,4038474.502000,34.276000
265,,494615.908000,4038474.893000,34.279000
266,,494618.057000,4038475.192000,34.488000
267,,494620.354000,4038475.463000,34.652000
268,,494622.964000,4038476.320000,35.259000
269,,494625.236000,4038476.719000,35.437000
270,,494627.624000,4038476.145000,35.559000
271,,494630.128000,4038476.364000,35.645000
272,,494633.858000,4038476.582000,35.464000
273,,494636.631000,4038477.150000,35.458000
274,,494638.212000,4038477.552000,35.676000
275,,494641.029000,4038477.559000,35.597000
276,,494642.498000,4038477.750000,35.872000
277,,494645.506000,4038478.432000,35.744000
278,,494647.421000,4038478.406000,36.038000
279,,494650.838000,4038479.400000,36.016000
280,,494652.595000,4038479.873000,36.252000
281,,494655.216000,4038480.788000,36.179000
282,,494657.373000,4038481.011000,36.478000
283,,494660.221000,4038480.976000,36.310000
284,,494663.450000,4038480.883000,36.417000
285,,494666.515000,4038481.538000,36.084000
286,,494667.913000,4038484.877000,36.776000
287,,494667.479000,4038485.190000,36.656000
288,,494665.361000,4038485.459000,36.809000
289,,494663.203000,4038485.472000,36.598000
290,,494660.803000,4038485.103000,36.546000
291,,494658.885000,4038484.788000,36.674000
292,,494655.479000,4038484.510000,36.069000
293,,494653.582000,4038484.214000,36.318000
294,,494651.167000,4038484.009000,36.345000
295,,494648.679000,4038483.663000,36.308000
296,,494646.222000,4038483.861000,36.066000
297,,494643.806000,4038483.454000,36.014000
298,,494641.589000,4038482.373000,35.683000
299,,494638.575000,4038481.387000,35.649000
300,,494636.413000,4038481.876000,35.742000
301,,494633.804000,4038481.296000,35.769000
302,,494630.917000,4038481.069000,35.612000
303,,494628.429000,4038480.955000,35.599000
304,,494625.497000,4038480.339000,35.532000
305,,494622.370000,4038479.983000,35.315000
306,,494620.367000,4038479.863000,34.607000
307,,494617.518000,4038479.403000,34.290000
308,,494615.932000,4038479.301000,34.472000
309,,494613.137000,4038478.862000,34.119000
310,,494609.988000,4038478.275000,34.445000
311,,494608.067000,4038477.677000,35.036000
312,,494605.759000,4038477.648000,35.132000
313,,494603.448000,4038477.337000,34.944000
314,,494600.052000,4038476.596000,34.411000
315,,494598.774000,4038476.771000,34.634000
316,,494594.767000,4038475.922000,34.143000
317,,494593.343000,4038475.776000,34.522000
318,,494593.555000,4038479.313000,34.720000
319,,494595.068000,4038480.539000,34.581000
320,,494598.205000,4038481.259000,34.602000
321,,494600.871000,4038481.344000,34.842000
322,,494603.375000,4038481.210000,35.131000
323,,494605.815000,4038481.321000,35.293000
324,,494607.414000,4038481.528000,34.694000
325,,494609.200000,4038481.620000,34.662000
326,,494611.191000,4038482.082000,34.284000
327,,494613.244000,4038482.130000,34.214000
328,,494615.099000,4038482.227000,34.520000
329,,494618.371000,4038482.834000,34.686000
330,,494621.448000,4038483.186000,35.387000
331,,494623.168000,4038483.526000,35.552000
332,,494625.479000,4038484.114000,35.717000
333,,494631.817000,4038484.956000,35.703000
334,,494634.395000,4038485.089000,35.587000
335,,494636.015000,4038484.957000,35.675000
336,,494641.101000,4038486.730000,35.784000
337,,494642.511000,4038486.129000,36.048000
338,,494644.831000,4038485.873000,35.846000
339,,494647.251000,4038486.156000,35.542000
340,,494649.198000,4038485.801000,36.010000
341,,494651.584000,4038485.900000,36.323000
342,,494654.450000,4038486.302000,36.514000
343,,494657.675000,4038486.796000,36.463000
344,,494659.324000,4038486.718000,36.789000
345,,494661.913000,4038486.964000,36.826000
346,,494664.729000,4038487.440000,37.210000
347,,494667.277000,4038487.933000,37.084000
348,,494670.622000,4038491.758000,37.201000
349,,494668.731000,4038492.291000,37.421000
350,,494667.382000,4038492.222000,37.618000
351,,494664.496000,4038491.903000,37.029000
352,,494662.548000,4038491.844000,37.172000
353,,494659.365000,4038491.074000,36.851000
354,,494657.813000,4038490.927000,37.085000
355,,494655.462000,4038490.187000,36.668000
356,,494653.617000,4038489.586000,36.488000
357,,494650.518000,4038489.582000,35.754000
358,,494647.811000,4038489.015000,35.481000
359,,494645.822000,4038488.749000,35.964000
360,,494643.410000,4038489.043000,36.198000
361,,494641.092000,4038488.909000,35.850000
362,,494637.975000,4038489.016000,35.671000
363,,494635.417000,4038488.714000,35.599000
364,,494632.748000,4038488.318000,35.951000
365,,494631.354000,4038488.191000,36.211000
366,,494628.830000,4038487.942000,36.117000
367,,494626.383000,4038487.638000,35.807000
368,,494624.144000,4038487.147000,35.625000
369,,494622.511000,4038487.430000,35.822000
370,,494620.927000,4038487.546000,35.792000
371,,494619.114000,4038487.508000,35.243000
372,,494617.184000,4038486.643000,34.930000
373,,494607.696000,4038485.441000,34.944000
374,,494606.147000,4038485.296000,35.001000
375,,494604.200000,4038485.039000,35.233000
376,,494601.964000,4038484.432000,35.100000
377,,494599.250000,4038483.755000,34.445000
378,,494595.908000,4038483.410000,34.745000
379,,494597.019000,4038484.966000,34.993000
380,,494598.826000,4038487.247000,34.940000
381,,494600.612000,4038487.462000,35.221000
382,,494603.866000,4038487.937000,35.123000
383,,494606.083000,4038488.381000,35.088000
384,,494607.410000,4038488.522000,35.342000
385,,494610.002000,4038488.820000,35.030000
386,,494612.950000,4038489.225000,34.797000
387,,494614.550000,4038489.427000,35.023000
388,,494617.348000,4038489.773000,34.889000
389,,494620.175000,4038489.968000,35.503000
390,,494622.130000,4038490.454000,35.835000
391,,494624.447000,4038490.823000,35.870000
392,,494627.037000,4038491.286000,36.322000
393,,494628.403000,4038491.494000,36.481000
394,,494631.101000,4038491.688000,36.222000
395,,494633.665000,4038491.942000,36.223000
396,,494635.208000,4038491.827000,36.232000
397,,494637.755000,4038491.964000,36.234000
398,,494640.402000,4038492.548000,35.806000
399,,494642.049000,4038492.366000,36.067000
400,,494644.774000,4038492.425000,35.584000
401,,494647.629000,4038492.419000,35.604000
402,,494650.319000,4038492.670000,35.644000
403,,494652.555000,4038492.555000,36.246000
404,,494655.511000,4038492.826000,36.887000
405,,494656.610000,4038492.677000,37.236000
406,,494659.126000,4038492.833000,36.972000
407,,494662.161000,4038492.983000,37.008000
408,,494663.583000,4038492.712000,37.369000
409,,494666.374000,4038492.825000,37.379000
410,,494669.874000,4038493.921000,37.391000
411,,494671.305000,4038494.303000,37.673000
412,,494671.636000,4038498.255000,37.674000
413,,494671.040000,4038498.121000,37.653000
414,,494668.762000,4038498.207000,37.512000
415,,494667.484000,4038498.111000,37.769000
416,,494664.755000,4038498.130000,37.452000
417,,494663.077000,4038498.364000,37.481000
418,,494661.577000,4038498.326000,37.301000
419,,494658.980000,4038498.112000,37.148000
420,,494657.420000,4038498.582000,36.968000
421,,494654.890000,4038498.639000,36.210000
422,,494652.974000,4038498.098000,36.027000
423,,494648.364000,4038498.307000,35.603000
424,,494645.699000,4038498.597000,36.081000
425,,494643.665000,4038498.706000,36.723000
426,,494642.024000,4038498.500000,36.515000
427,,494639.569000,4038497.515000,36.373000
428,,494637.312000,4038497.722000,36.740000
429,,494635.073000,4038497.936000,36.877000
430,,494632.468000,4038497.866000,36.966000
431,,494630.841000,4038497.869000,37.035000
432,,494628.466000,4038497.375000,37.055000
433,,494626.432000,4038497.532000,36.744000
434,,494624.815000,4038497.596000,36.875000
435,,494622.652000,4038498.043000,36.704000
436,,494621.176000,4038500.181000,37.001000
437,,494622.312000,4038501.299000,37.273000
438,,494624.547000,4038501.412000,37.368000
439,,494626.864000,4038501.275000,37.091000
440,,494628.716000,4038501.125000,37.208000
441,,494631.423000,4038501.522000,37.205000
442,,494633.666000,4038501.633000,37.448000
443,,494636.173000,4038501.531000,37.290000
444,,494638.462000,4038501.047000,37.379000
445,,494641.469000,4038502.027000,37.212000
446,,494643.626000,4038501.267000,36.602000
447,,494645.752000,4038501.092000,36.335000
448,,494647.955000,4038500.673000,36.111000
449,,494649.963000,4038499.650000,35.707000
450,,494651.562000,4038499.360000,36.052000
451,,494654.261000,4038498.842000,36.418000
452,,494656.908000,4038498.606000,36.782000
453,,494658.627000,4038498.546000,37.019000
454,,494661.085000,4038498.089000,37.338000
455,,494663.947000,4038498.274000,37.335000
456,,494666.756000,4038497.941000,37.563000
457,,494668.138000,4038497.904000,37.746000
458,,494670.355000,4038498.124000,37.763000
459,,494672.611000,4038498.833000,37.759000
460,,494671.332000,4038501.953000,38.030000
461,,494669.967000,4038502.654000,37.793000
462,,494663.826000,4038502.755000,37.451000
463,,494662.818000,4038502.707000,37.420000
464,,494660.706000,4038503.091000,37.071000
465,,494659.483000,4038503.123000,37.181000
466,,494655.952000,4038503.024000,36.525000
467,,494653.029000,4038504.638000,36.122000
468,,494650.107000,4038505.036000,35.978000
469,,494648.546000,4038504.632000,36.336000
470,,494646.186000,4038504.453000,36.755000
471,,494644.742000,4038504.470000,36.797000
472,,494642.139000,4038505.082000,37.415000
473,,494640.045000,4038505.026000,37.847000
474,,494637.974000,4038504.706000,37.861000
475,,494635.829000,4038504.357000,37.755000
476,,494634.061000,4038504.310000,37.682000
477,,494631.581000,4038504.420000,37.549000
478,,494629.871000,4038504.439000,37.562000
479,,494626.341000,4038504.647000,37.962000
480,,494624.257000,4038505.116000,38.088000
481,,494623.022000,4038506.699000,37.729000
482,,494623.269000,4038509.652000,37.730000
483,,494625.256000,4038512.132000,38.261000
484,,494626.192000,4038512.078000,38.268000
485,,494627.612000,4038512.448000,38.604000
486,,494630.072000,4038513.196000,38.599000
487,,494633.135000,4038513.287000,38.124000
488,,494635.555000,4038513.335000,38.116000
489,,494637.309000,4038513.211000,38.359000
490,,494640.924000,4038513.106000,37.998000
491,,494644.327000,4038512.655000,38.028000
492,,494645.863000,4038513.337000,37.797000
493,,494650.822000,4038513.908000,37.771000
494,,494653.997000,4038514.187000,37.434000
495,,494655.779000,4038514.331000,37.384000
496,,494658.213000,4038514.896000,37.422000
497,,494661.160000,4038514.941000,37.328000
498,,494663.320000,4038514.198000,37.598000
499,,494665.406000,4038513.411000,37.707000
500,,494667.612000,4038513.253000,38.297000
501,,494669.768000,4038513.215000,38.548000
502,,494671.602000,4038516.037000,38.769000
503,,494669.910000,4038517.154000,38.556000
504,,494668.031000,4038517.679000,38.222000
505,,494665.812000,4038518.633000,37.621000
506,,494664.630000,4038519.140000,37.676000
507,,494661.564000,4038518.799000,37.498000
508,,494658.453000,4038518.678000,38.141000
509,,494656.085000,4038518.864000,38.299000
510,,494653.099000,4038518.954000,38.237000
511,,494651.320000,4038518.987000,38.473000
512,,494648.427000,4038519.528000,38.256000
513,,494645.709000,4038520.009000,38.430000
514,,494643.570000,4038520.419000,38.655000
515,,494640.492000,4038520.410000,38.645000
516,,494637.754000,4038520.026000,38.918000
517,,494635.392000,4038519.682000,38.898000
518,,494633.407000,4038519.461000,38.957000
519,,494630.876000,4038518.963000,38.853000
520,,494628.527000,4038518.686000,38.464000
521,,494626.741000,4038519.206000,38.597000
522,,494624.167000,4038520.098000,38.221000
523,,494622.755000,4038520.681000,38.224000
524,,494622.256000,4038522.852000,38.055000
525,,494624.618000,4038524.498000,38.496000
526,,494626.883000,4038525.002000,38.792000
527,,494629.654000,4038526.282000,38.481000
528,,494631.959000,4038526.576000,38.604000
529,,494634.718000,4038526.074000,38.895000
530,,494636.284000,4038525.770000,39.046000
531,,494637.591000,4038526.070000,39.190000
532,,494640.064000,4038526.301000,38.981000
533,,494642.524000,4038527.140000,38.887000
534,,494644.393000,4038527.105000,39.473000
535,,494645.643000,4038527.029000,39.604000
536,,494649.145000,4038526.723000,39.314000
537,,494651.758000,4038526.158000,38.875000
538,,494654.329000,4038525.696000,38.873000
539,,494655.728000,4038525.239000,39.102000
540,,494658.291000,4038525.202000,38.728000
541,,494660.234000,4038525.124000,38.945000
542,,494662.283000,4038526.561000,38.516000
543,,494660.329000,4038529.332000,38.967000
544,,494658.932000,4038529.952000,39.383000
545,,494656.782000,4038531.248000,39.382000
546,,494654.950000,4038532.069000,39.396000
547,,494651.225000,4038532.708000,39.469000
548,,494649.049000,4038533.235000,39.218000
549,,494648.136000,4038532.924000,39.337000
550,,494645.807000,4038533.221000,39.124000
551,,494643.825000,4038533.540000,39.518000
552,,494641.394000,4038533.108000,38.987000
553,,494639.418000,4038533.230000,39.125000
554,,494637.896000,4038533.207000,39.030000
555,,494636.367000,4038532.917000,38.803000
556,,494633.855000,4038532.692000,38.454000
557,,494631.599000,4038532.911000,38.873000
558,,494629.862000,4038533.379000,39.563000
559,,494626.706000,4038533.202000,39.384000
560,,494625.844000,4038533.758000,39.558000
561,,494625.452000,4038535.593000,39.563000
562,,494626.338000,4038536.599000,39.612000
563,,494629.027000,4038537.305000,39.871000
564,,494630.690000,4038537.739000,40.033000
565,,494633.976000,4038537.807000,39.535000
566,,494635.787000,4038537.958000,39.442000
567,,494638.683000,4038537.973000,39.392000
568,,494641.519000,4038538.874000,39.192000
569,,494644.148000,4038539.429000,39.463000
570,,494645.651000,4038539.414000,39.593000
571,,494650.126000,4038539.423000,39.483000
572,,494652.849000,4038539.605000,40.026000
573,,494654.964000,4038539.330000,40.128000
574,,494656.558000,4038538.911000,40.232000
575,,494658.841000,4038538.010000,40.098000
576,,494660.536000,4038537.751000,40.156000
577,,494663.910000,4038539.349000,40.078000
578,,494664.656000,4038539.746000,40.261000
579,,494666.877000,4038540.994000,39.998000
580,,494667.605000,4038542.996000,40.260000
581,,494665.615000,4038544.510000,40.672000
582,,494664.120000,4038545.893000,40.746000
583,,494661.148000,4038545.153000,40.505000
584,,494659.779000,4038544.620000,40.598000
585,,494656.977000,4038544.446000,40.359000
586,,494616.850000,4038481.373000,34.453000
587,,494616.809000,4038482.477000,34.577000
588,,494617.925000,4038490.760000,34.869000
589,,494617.769000,4038492.110000,35.085000
590,,494617.401000,4038495.088000,35.224000
591,,494617.409000,4038498.026000,34.987000
592,,494617.267000,4038499.799000,35.197000
593,,494617.081000,4038501.746000,34.891000
594,,494617.037000,4038504.917000,35.354000
595,,494616.888000,4038507.935000,35.233000
596,,494616.630000,4038509.871000,35.441000
597,,494616.166000,4038511.694000,35.499000
598,,494615.796000,4038513.734000,35.555000
599,,494615.684000,4038516.564000,35.908000
600,,494616.002000,4038518.501000,35.961000
601,,494616.734000,4038520.369000,36.068000
602,,494617.754000,4038521.929000,36.205000
603,,494618.269000,4038524.214000,36.696000
604,,494618.379000,4038526.100000,36.967000
605,,494618.169000,4038528.084000,37.071000
606,,494617.856000,4038529.996000,37.408000
607,,494616.609000,4038532.276000,37.550000
608,,494615.374000,4038535.761000,37.661000
609,,494613.163000,4038537.066000,37.813000
610,,494611.870000,4038536.566000,37.721000
611,,494611.211000,4038535.910000,37.628000
612,,494609.947000,4038533.938000,37.604000
613,,494608.198000,4038533.115000,37.641000
614,,494605.576000,4038535.574000,37.627000
615,,494604.918000,4038536.569000,38.771000
616,,494603.720000,4038536.231000,39.068000
617,,494602.562000,4038534.423000,39.132000
618,,494601.858000,4038532.930000,39.228000
619,,494600.628000,4038531.179000,39.295000
620,,494598.246000,4038529.529000,39.360000
621,,494597.376000,4038529.674000,40.217000
622,,494595.604000,4038529.542000,40.266000
623,,494593.660000,4038529.325000,40.265000
624,,494591.198000,4038529.874000,40.395000
625,,494588.455000,4038529.597000,40.391000
626,,494585.853000,4038528.856000,40.828000
627,,494583.451000,4038528.235000,40.789000
628,,494581.913000,4038527.855000,40.967000
629,,494579.302000,4038527.675000,41.412000
630,,494577.312000,4038526.599000,41.182000
631,,494576.383000,4038525.023000,41.049000
632,,494576.556000,4038522.622000,41.049000
633,,494575.776000,4038520.839000,41.095000
634,,494574.653000,4038518.768000,41.215000
635,,494574.294000,4038515.830000,40.778000
636,,494574.394000,4038513.767000,40.494000
637,,494574.455000,4038511.992000,40.437000
638,,494574.334000,4038510.180000,40.435000
639,,494574.439000,4038507.943000,40.068000
640,,494574.598000,4038505.212000,39.821000
641,,494574.393000,4038503.195000,39.703000
642,,494574.324000,4038501.055000,39.156000
643,,494573.710000,4038499.077000,38.777000
644,,494573.771000,4038497.508000,38.405000
645,,494574.098000,4038494.473000,38.175000
646,,494574.295000,4038492.299000,38.152000
647,,494574.798000,4038490.117000,38.089000
648,,494575.052000,4038488.088000,37.831000
649,,494575.183000,4038485.035000,37.751000
650,,494575.496000,4038482.989000,37.584000
651,,494576.399000,4038479.796000,37.127000
652,,494576.739000,4038477.649000,37.114000
653,,494577.267000,4038475.645000,36.849000
654,,494577.772000,4038471.457000,36.515000
655,,494578.635000,4038468.947000,36.233000
656,,494578.921000,4038466.422000,35.722000
657,,494579.902000,4038464.846000,35.463000
658,,494580.637000,4038462.976000,35.312000
659,,494581.262000,4038460.930000,34.985000
660,,494582.169000,4038458.890000,34.824000
661,,494583.808000,4038457.649000,34.792000
662,,494585.341000,4038459.516000,35.266000
663,,494586.216000,4038461.842000,35.246000
664,,494587.096000,4038464.552000,34.902000
665,,494587.508000,4038466.629000,35.122000
666,,494588.164000,4038469.382000,35.289000
667,,494588.252000,4038471.378000,34.912000
668,,494588.844000,4038473.146000,35.559000
669,,494589.022000,4038474.681000,35.565000
670,,494589.521000,4038477.231000,35.754000
671,,494589.749000,4038479.818000,35.987000
672,,494590.364000,4038483.007000,36.242000
673,,494591.326000,4038484.281000,36.310000
674,,494592.242000,4038486.876000,36.589000
675,,494594.102000,4038489.593000,36.736000
676,,494594.947000,4038492.484000,36.769000
677,,494595.354000,4038494.307000,37.160000
678,,494596.066000,4038498.600000,37.250000
679,,494596.313000,4038500.249000,37.694000
680,,494597.482000,4038503.926000,37.771000
681,,494599.074000,4038506.440000,38.081000
682,,494601.118000,4038508.203000,38.083000
683,,494602.093000,4038510.271000,38.456000
684,,494602.869000,4038512.037000,38.636000
685,,494602.619000,4038513.546000,38.824000
686,,494601.623000,4038517.692000,38.785000
687,,494600.613000,4038518.277000,38.773000
688,,494599.428000,4038519.284000,38.845000
689,,494596.704000,4038520.267000,39.360000
690,,494594.346000,4038520.622000,39.697000
691,,494592.454000,4038520.390000,40.164000
692,,494590.041000,4038519.798000,40.237000
693,,494588.355000,4038518.923000,39.988000
694,,494585.791000,4038517.784000,40.343000
695,,494583.151000,4038516.722000,40.070000
696,,494580.407000,4038515.345000,40.366000
697,,494576.647000,4038515.684000,40.759000
698,,494574.692000,4038516.993000,41.106000
699,,494574.075000,4038517.770000,40.961000
700,,494573.623000,4038518.586000,41.008000
701,,494573.176000,4038519.516000,41.238000
702,,494572.921000,4038519.423000,41.299000
703,,494572.082000,4038519.805000,41.411000
704,,494569.382000,4038520.752000,41.195000
705,,494567.805000,4038519.797000,41.292000
706,,494565.616000,4038518.684000,41.322000
707,,494564.152000,4038519.033000,41.641000
708,,494561.647000,4038519.503000,41.484000
709,,494560.339000,4038519.568000,41.879000
710,,494557.243000,4038519.463000,41.699000
711,,494555.430000,4038520.323000,42.048000
712,,494552.455000,4038520.633000,42.292000
713,,494551.741000,4038521.204000,42.499000
714,,494549.851000,4038521.713000,42.729000
715,,494548.063000,4038521.348000,42.429000
716,,494546.380000,4038520.495000,41.888000
717,,494544.134000,4038520.298000,41.907000
718,,494542.299000,4038519.790000,41.901000
719,,494540.355000,4038518.111000,41.626000
720,,494538.969000,4038515.946000,41.476000
721,,494538.102000,4038514.284000,41.359000
722,,494537.933000,4038513.450000,41.340000
723,,494538.552000,4038511.430000,41.432000
724,,494540.806000,4038510.499000,41.256000
725,,494542.374000,4038510.149000,41.276000
726,,494544.991000,4038509.374000,40.999000
727,,494546.552000,4038508.961000,41.030000
728,,494548.415000,4038508.813000,41.159000
729,,494552.088000,4038508.497000,41.078000
730,,494553.662000,4038508.281000,41.018000
731,,494555.929000,4038507.966000,40.930000
732,,494558.180000,4038508.129000,40.956000
733,,494560.720000,4038508.197000,40.668000
734,,494562.496000,4038508.333000,40.755000
735,,494566.471000,4038504.030000,40.226000
736,,494565.548000,4038503.426000,40.179000
737,,494564.001000,4038502.734000,40.248000
738,,494561.757000,4038501.523000,40.250000
739,,494560.036000,4038500.902000,40.375000
740,,494557.228000,4038500.310000,40.337000
741,,494554.582000,4038499.203000,40.189000
742,,494552.791000,4038498.735000,40.322000
743,,494550.249000,4038497.997000,40.504000
744,,494547.682000,4038497.509000,40.734000
745,,494545.182000,4038498.607000,40.641000
746,,494542.701000,4038498.573000,40.661000
747,,494540.441000,4038498.594000,40.734000
748,,494538.663000,4038495.012000,39.977000
749,,494540.562000,4038493.609000,39.472000
750,,494542.187000,4038493.253000,39.528000
751,,494543.684000,4038492.853000,39.696000
752,,494546.509000,4038492.929000,39.399000
753,,494548.854000,4038493.360000,39.151000
754,,494550.387000,4038493.233000,39.124000
755,,494551.929000,4038493.254000,39.098000
756,,494554.592000,4038493.253000,38.894000
757,,494556.182000,4038493.101000,38.915000
758,,494558.536000,4038493.157000,38.817000
759,,494561.022000,4038493.033000,38.802000
760,,494563.456000,4038493.122000,38.545000
761,,494565.792000,4038493.057000,38.422000
762,,494568.356000,4038493.494000,38.415000
763,,494569.507000,4038493.317000,38.581000
764,,494571.673000,4038489.541000,38.206000
765,,494571.017000,4038487.491000,38.215000
766,,494567.659000,4038485.716000,38.165000
767,,494565.512000,4038485.136000,37.969000
768,,494563.991000,4038484.693000,38.127000
769,,494561.395000,4038483.657000,38.027000
770,,494559.876000,4038482.943000,38.258000
771,,494557.361000,4038482.091000,38.541000
772,,494555.396000,4038481.264000,38.699000
773,,494553.152000,4038480.200000,38.475000
774,,494551.851000,4038479.229000,38.602000
775,,494550.551000,4038478.003000,38.381000
776,,494548.856000,4038476.496000,38.553000
777,,494550.822000,4038472.449000,38.554000
778,,494553.780000,4038472.376000,38.093000
779,,494553.780000,4038472.376000,38.093000
780,,494556.122000,4038472.249000,37.929000
781,,494557.250000,4038472.073000,38.119000
782,,494559.475000,4038472.079000,37.550000
783,,494561.197000,4038472.395000,37.371000
784,,494563.252000,4038472.102000,37.158000
785,,494565.563000,4038472.157000,36.975000
786,,494567.242000,4038472.679000,37.031000
787,,494568.974000,4038472.768000,37.179000
788,,494569.493000,4038472.755000,37.540000
789,,494570.798000,4038473.138000,37.115000
790,,494573.580000,4038473.298000,37.077000
791,,494575.739000,4038471.497000,36.554000
792,,494576.281000,4038468.877000,36.331000
793,,494576.653000,4038467.195000,36.178000
794,,494577.048000,4038465.632000,35.898000
795,,494577.336000,4038464.852000,35.932000
796,,494577.908000,4038463.428000,35.507000
797,,494578.617000,4038461.630000,34.925000
798,,494579.576000,4038459.852000,34.698000
799,,494580.821000,4038456.991000,34.483000
800,,494581.455000,4038455.045000,34.518000
801,,494582.395000,4038453.214000,34.452000
802,,494583.101000,4038451.309000,34.106000
803,,494583.200000,4038448.449000,34.114000
804,,494583.211000,4038446.473000,34.075000
805,,494583.395000,4038444.470000,33.739000
806,,494583.186000,4038441.591000,33.506000
807,,494581.937000,4038440.287000,33.466000
808,,494580.235000,4038439.556000,33.106000
809,,494577.295000,4038438.827000,33.020000
810,,494575.315000,4038438.812000,33.047000
811,,494573.431000,4038440.660000,32.979000
812,,494573.074000,4038442.503000,33.285000
813,,494572.358000,4038445.451000,33.595000
814,,494571.650000,4038448.037000,34.026000
815,,494571.111000,4038449.799000,34.166000
816,,494570.403000,4038452.510000,34.207000
817,,494569.606000,4038454.933000,34.775000
818,,494569.046000,4038456.670000,35.362000
819,,494567.342000,4038458.721000,35.626000
820,,494566.563000,4038461.211000,36.071000
821,,494566.540000,4038463.749000,36.270000
822,,494564.448000,4038464.404000,36.124000
823,,494564.137000,4038463.807000,35.998000
824,,494563.275000,4038463.292000,36.275000
825,,494562.006000,4038462.188000,36.327000
826,,494559.856000,4038461.074000,36.300000
827,,494557.670000,4038459.537000,36.330000
828,,494556.350000,4038458.756000,36.043000
829,,494557.194000,4038456.730000,35.770000
830,,494558.711000,4038454.302000,35.787000
831,,494557.025000,4038452.482000,35.633000
832,,494559.648000,4038450.585000,35.218000
833,,494558.522000,4038448.431000,35.392000
834,,494558.617000,4038445.338000,34.793000
835,,494558.805000,4038441.969000,34.784000
836,,494560.380000,4038436.980000,34.566000
837,,494561.014000,4038436.808000,34.226000
838,,494563.461000,4038437.148000,34.326000
839,,494565.588000,4038438.094000,34.137000
840,,494565.863000,4038439.164000,34.268000
841,,494565.667000,4038441.840000,34.329000
842,,494566.796000,4038444.022000,34.212000
843,,494584.600000,4038444.666000,33.898000
844,,494586.457000,4038444.273000,33.925000
845,,494588.496000,4038444.891000,34.105000
846,,494590.450000,4038446.168000,34.089000
847,,494593.258000,4038447.867000,34.334000
848,,494595.372000,4038447.993000,34.411000
849,,494599.240000,4038448.261000,34.513000
850,,494602.545000,4038448.606000,34.623000
851,,494605.812000,4038449.059000,34.799000
852,,494610.120000,4038450.059000,34.902000
853,,494612.918000,4038451.139000,34.717000
854,,494614.039000,4038451.707000,34.612000
855,,494616.705000,4038452.340000,34.501000
856,,494619.142000,4038452.613000,34.680000
857,,494698.672000,4038480.994000,35.302000
858,,494698.508000,4038483.415000,35.699000
859,,494698.271000,4038484.723000,35.602000
860,,494698.680000,4038487.115000,35.557000
861,,494698.562000,4038489.820000,35.776000
862,,494698.749000,4038491.255000,36.263000
863,,494698.656000,4038493.626000,36.592000
864,,494698.586000,4038495.537000,36.806000
865,,494698.503000,4038498.023000,37.486000
866,,494699.101000,4038502.519000,38.021000
867,,494698.816000,4038505.176000,38.472000
868,,494698.719000,4038508.348000,38.948000
869,,494698.197000,4038509.619000,39.179000
870,,494697.468000,4038511.085000,39.082000
871,,494697.197000,4038513.428000,38.608000
872,,494697.428000,4038514.638000,38.597000
873,,494697.428000,4038514.638000,38.597000
874,,494696.770000,4038517.061000,38.404000
875,,494696.726000,4038518.790000,38.748000
876,,494696.066000,4038520.884000,38.784000
877,,494694.319000,4038522.440000,39.645000
878,,494693.898000,4038524.738000,39.916000
879,,494694.675000,4038527.534000,40.182000
880,,494695.238000,4038529.123000,39.983000
881,,494695.131000,4038531.040000,40.219000
882,,494695.399000,4038533.580000,40.234000
883,,494694.717000,4038535.514000,40.605000
884,,494534.456000,4038518.304000,41.752000
885,,494534.406000,4038518.491000,41.794000
886,,494533.769000,4038520.360000,41.882000
887,,494532.936000,4038522.711000,41.806000
888,,494532.456000,4038524.232000,41.937000
889,,494532.044000,4038528.295000,41.556000
890,,494531.982000,4038531.247000,41.684000
891,,494531.760000,4038533.163000,41.688000
892,,494531.872000,4038535.775000,41.681000
893,,494531.773000,4038538.292000,41.742000
894,,494531.859000,4038540.844000,41.698000
895,,494531.338000,4038542.826000,41.445000
896,,494531.084000,4038545.142000,41.633000
897,,494530.538000,4038547.924000,41.396000
898,,494529.541000,4038551.862000,41.596000
899,,494529.385000,4038554.421000,41.692000
900,,494529.000000,4038556.318000,42.008000
901,,494529.269000,4038556.963000,41.974000
902,,494531.358000,4038558.139000,42.016000
903,,494532.912000,4038557.342000,42.108000
904,,494533.722000,4038555.912000,41.927000
905,,494534.854000,4038553.598000,41.994000
906,,494536.176000,4038551.653000,41.797000
907,,494537.004000,4038549.968000,41.952000
908,,494537.998000,4038547.606000,42.048000
909,,494538.820000,4038545.317000,42.192000
910,,494539.105000,4038544.512000,42.323000
911,,494540.061000,4038541.393000,42.466000
912,,494540.755000,4038539.379000,42.618000
913,,494542.291000,4038537.645000,42.870000
914,,494543.759000,4038535.248000,42.477000
915,,494544.023000,4038534.820000,42.531000
916,,494545.667000,4038534.125000,42.337000
917,,494547.557000,4038536.031000,42.348000
918,,494547.590000,4038538.662000,42.633000
919,,494547.733000,4038540.896000,42.784000
920,,494547.943000,4038543.323000,42.746000
921,,494547.917000,4038546.225000,42.914000
922,,494547.760000,4038548.550000,42.937000
923,,494547.512000,4038551.066000,43.006000
924,,494547.339000,4038553.686000,43.135000
925,,494547.099000,4038556.612000,43.129000
926,,494546.743000,4038559.193000,43.374000
927,,494546.145000,4038562.676000,43.196000
928,,494545.706000,4038565.181000,43.177000
929,,494547.720000,4038566.862000,43.366000
930,,494549.861000,4038566.273000,43.496000
931,,494551.275000,4038563.764000,43.812000
932,,494552.169000,4038561.041000,43.857000
933,,494552.578000,4038558.166000,43.774000
934,,494552.281000,4038555.987000,43.595000
935,,494552.465000,4038553.982000,43.442000
936,,494552.967000,4038551.795000,43.390000
937,,494553.116000,4038550.462000,43.213000
938,,494553.710000,4038548.450000,42.855000
939,,494554.878000,4038546.068000,42.661000
940,,494555.954000,4038543.952000,42.487000
941,,494556.919000,4038541.426000,42.514000
942,,494557.314000,4038539.906000,42.662000
943,,494558.705000,4038537.684000,42.574000
944,,494559.661000,4038535.395000,42.586000
945,,494560.168000,4038534.466000,42.593000
946,,494561.719000,4038533.943000,42.420000
947,,494563.637000,4038534.291000,42.343000
948,,494565.028000,4038536.506000,42.383000
949,,494566.048000,4038538.494000,42.391000
950,,494566.296000,4038540.834000,42.474000
951,,494566.273000,4038543.157000,42.647000
952,,494566.243000,4038544.696000,42.635000
953,,494565.642000,4038547.950000,42.961000
954,,494565.331000,4038549.778000,43.242000
955,,494564.874000,4038552.280000,43.622000
956,,494563.958000,4038555.500000,43.873000
957,,494563.253000,4038557.622000,44.322000
958,,494563.481000,4038560.046000,44.390000
959,,494563.429000,4038562.588000,44.524000
960,,494563.533000,4038564.130000,44.515000
961,,494563.319000,4038566.651000,44.295000
962,,494563.301000,4038568.479000,44.425000
963,,494563.716000,4038570.880000,44.387000
964,,494566.385000,4038570.238000,44.371000
965,,494567.643000,4038568.197000,44.481000
966,,494568.481000,4038566.797000,44.421000
967,,494571.166000,4038565.057000,44.629000
968,,494572.253000,4038564.118000,44.596000
969,,494573.040000,4038561.849000,44.309000
970,,494573.043000,4038561.478000,44.251000
971,,494574.175000,4038559.916000,43.958000
972,,494575.693000,4038558.602000,43.641000
973,,494576.018000,4038556.470000,43.509000
974,,494576.843000,4038554.406000,43.277000
975,,494577.774000,4038552.135000,43.040000
976,,494577.939000,4038549.552000,42.583000
977,,494578.250000,4038546.971000,42.730000
978,,494579.566000,4038544.962000,42.237000
979,,494580.403000,4038542.740000,41.816000
980,,494581.344000,4038541.192000,41.845000
981,,494583.050000,4038541.959000,42.212000
982,,494585.758000,4038543.106000,42.385000
983,,494586.141000,4038544.414000,42.485000
984,,494586.168000,4038547.421000,42.738000
985,,494586.174000,4038548.185000,42.584000
986,,494586.274000,4038549.801000,42.703000
987,,494586.250000,4038553.184000,42.929000
988,,494586.474000,4038555.299000,43.411000
989,,494586.270000,4038557.355000,43.480000
990,,494585.068000,4038560.029000,43.357000
991,,494584.406000,4038562.575000,43.573000
992,,494584.199000,4038565.188000,43.840000
993,,494584.051000,4038566.606000,44.047000
994,,494583.241000,4038569.813000,44.488000
995,,494583.232000,4038571.765000,44.612000
996,,494583.146000,4038573.221000,44.772000
997,,494583.860000,4038576.228000,44.457000
998,,494585.355000,4038577.710000,44.644000
999,,494587.375000,4038577.738000,44.434000
1000,,494588.534000,4038574.983000,44.425000
1001,,494589.549000,4038572.889000,44.013000
1002,,494589.976000,4038571.449000,43.971000
1003,,494591.075000,4038568.664000,43.304000
1004,,494592.245000,4038566.873000,43.154000
1005,,494592.682000,4038566.298000,43.176000
1006,,494592.981000,4038564.591000,43.150000
1007,,494593.330000,4038562.342000,43.038000
1008,,494594.588000,4038559.461000,42.513000
1009,,494595.288000,4038557.793000,42.349000
1010,,494596.003000,4038555.221000,42.429000
1011,,494597.098000,4038553.033000,42.225000
1012,,494597.988000,4038550.744000,42.296000
1013,,494599.860000,4038548.870000,42.286000
1014,,494601.088000,4038546.807000,41.968000
1015,,494601.531000,4038545.425000,41.888000
1016,,494603.022000,4038543.661000,40.841000
1017,,494603.206000,4038541.798000,40.653000
1018,,494604.022000,4038540.774000,40.613000
1019,,494605.161000,4038541.279000,40.241000
1020,,494607.427000,4038541.472000,40.066000
1021,,494607.589000,4038543.428000,40.455000
1022,,494607.648000,4038545.366000,40.832000
1023,,494607.230000,4038547.394000,40.852000
1024,,494606.952000,4038549.328000,41.417000
1025,,494607.408000,4038551.838000,41.431000
1026,,494607.536000,4038553.393000,41.519000
1027,,494607.454000,4038555.754000,41.750000
1028,,494607.840000,4038557.904000,41.566000
1029,,494607.428000,4038560.446000,41.445000
1030,,494608.874000,4038562.548000,41.834000
1031,,494608.872000,4038565.011000,41.930000
1032,,494609.454000,4038566.700000,42.564000
1033,,494609.383000,4038568.763000,42.699000
1034,,494609.889000,4038570.150000,43.077000
1035,,494610.093000,4038572.315000,42.972000
1036,,494611.086000,4038575.149000,43.328000
1037,,494611.928000,4038576.103000,43.484000
1038,,494612.417000,4038578.040000,43.563000
1039,,494612.066000,4038580.949000,44.008000
1040,,494613.058000,4038583.187000,44.059000
1041,,494613.899000,4038583.412000,44.173000
1042,,494611.321000,4038557.384000,40.390000
1043,,494611.889000,4038554.846000,40.139000
1044,,494612.581000,4038552.417000,40.064000
1045,,494612.387000,4038550.022000,39.703000
1046,,494612.047000,4038547.613000,39.431000
1047,,494611.887000,4038545.146000,39.309000
1048,,494612.051000,4038542.428000,38.980000
1049,,494612.413000,4038540.009000,38.678000
1050,,494614.027000,4038539.367000,38.794000
1051,,494615.808000,4038539.087000,38.987000
1052,,494618.714000,4038539.846000,38.712000
1053,,494620.411000,4038540.817000,38.878000
1054,,494622.249000,4038541.433000,39.147000
1055,,494622.641000,4038543.333000,39.286000
1056,,494622.274000,4038544.855000,38.940000
1057,,494622.283000,4038545.618000,39.258000
1058,,494622.768000,4038548.404000,39.134000
1059,,494623.953000,4038550.274000,39.350000
1060,,494624.675000,4038552.679000,39.498000
1061,,494625.030000,4038554.518000,39.533000
1062,,494624.555000,4038557.422000,39.499000
1063,,494623.702000,4038559.357000,39.734000
1064,,494622.642000,4038561.997000,40.030000
1065,,494623.099000,4038564.415000,40.474000
1066,,494625.214000,4038566.310000,40.668000
1067,,494627.641000,4038567.002000,40.908000
1068,,494629.333000,4038569.010000,40.862000
1069,,494628.983000,4038571.671000,40.864000
1070,,494629.306000,4038574.248000,40.910000
1071,,494629.894000,4038576.294000,41.263000
1072,,494630.311000,4038579.308000,41.258000
1073,,494631.010000,4038580.963000,41.603000
1074,,494631.396000,4038583.459000,41.465000
1075,,494631.028000,4038584.388000,41.595000
1076,,494630.537000,4038584.727000,41.437000
1077,,494629.856000,4038584.369000,41.587000
1078,,494627.537000,4038583.528000,41.611000
1079,,494625.420000,4038582.774000,41.440000
1080,,494623.420000,4038582.044000,41.238000
1081,,494622.075000,4038580.672000,40.903000
1082,,494621.321000,4038579.498000,40.874000
1083,,494620.038000,4038577.663000,40.558000
1084,,494620.148000,4038575.717000,40.333000
1085,,494620.617000,4038573.487000,40.348000
1086,,494622.690000,4038570.896000,40.149000
1087,,494624.984000,4038570.286000,40.400000
1088,,494627.261000,4038568.742000,40.622000
1089,,494629.097000,4038567.834000,40.660000
1090,,494630.720000,4038566.934000,41.125000
1091,,494633.620000,4038567.929000,41.515000
1092,,494634.169000,4038568.155000,41.562000
1093,,494635.949000,4038567.945000,42.230000
1094,,494636.827000,4038565.799000,42.279000
1095,,494635.737000,4038563.497000,42.239000
1096,,494634.818000,4038561.194000,42.117000
1097,,494633.716000,4038558.689000,41.893000
1098,,494632.866000,4038556.011000,41.595000
1099,,494633.246000,4038553.816000,41.444000
1100,,494633.063000,4038551.166000,41.538000
1101,,494634.457000,4038549.049000,41.313000
1102,,494635.138000,4038548.790000,41.364000
1103,,494637.023000,4038547.983000,41.513000
1104,,494638.662000,4038548.041000,41.325000
1105,,494640.645000,4038549.811000,41.616000
1106,,494641.702000,4038551.800000,41.798000
1107,,494641.508000,4038554.283000,41.888000
1108,,494640.772000,4038556.080000,42.225000
1109,,494640.428000,4038558.425000,41.932000
1110,,494641.189000,4038559.983000,42.072000
1111,,494641.556000,4038563.239000,42.159000
1112,,494641.255000,4038566.185000,42.323000
1113,,494640.779000,4038568.500000,42.605000
1114,,494641.240000,4038570.766000,42.906000
1115,,494641.547000,4038573.015000,42.878000
1116,,494641.356000,4038575.607000,43.080000
1117,,494641.091000,4038578.463000,43.177000
1118,,494641.087000,4038580.222000,43.246000
1119,,494640.889000,4038582.910000,43.381000
1120,,494640.948000,4038585.734000,43.647000
1121,,494641.615000,4038587.656000,44.070000
1122,,494643.499000,4038588.405000,44.033000
1123,,494645.344000,4038588.801000,44.226000
1124,,494647.424000,4038589.401000,44.181000
1125,,494648.370000,4038588.215000,44.036000
1126,,494649.083000,4038586.234000,43.598000
1127,,494649.444000,4038585.436000,43.520000
1128,,494650.207000,4038583.641000,43.386000
1129,,494650.707000,4038582.028000,43.264000
1130,,494651.628000,4038579.258000,43.295000
1131,,494652.406000,4038576.946000,43.260000
1132,,494652.792000,4038575.201000,43.074000
1133,,494653.158000,4038572.920000,43.020000
1134,,494654.444000,4038570.819000,42.742000
1135,,494655.216000,4038569.641000,42.693000
1136,,494658.335000,4038569.243000,42.591000
1137,,494659.752000,4038569.449000,42.880000
1138,,494662.254000,4038570.582000,43.023000
1139,,494662.891000,4038572.321000,43.191000
1140,,494663.078000,4038574.650000,43.521000
1141,,494662.615000,4038576.563000,43.860000
1142,,494662.465000,4038579.169000,43.558000
1143,,494662.431000,4038581.167000,43.678000
1144,,494662.861000,4038584.234000,43.437000
1145,,494663.216000,4038585.844000,43.914000
1146,,494663.798000,4038588.347000,44.250000
1147,,494664.811000,4038590.607000,44.458000
1148,,494665.851000,4038592.917000,44.239000
1149,,494668.237000,4038594.020000,44.802000
1150,,494670.314000,4038594.797000,44.777000
1151,,494672.567000,4038594.680000,44.853000
1152,,494673.311000,4038593.370000,44.750000
1153,,494673.028000,4038591.791000,44.410000
1154,,494672.248000,4038589.380000,44.074000
1155,,494672.012000,4038587.630000,43.933000
1156,,494672.401000,4038585.401000,43.814000
1157,,494673.199000,4038583.626000,43.873000
1158,,494673.489000,4038582.200000,43.588000
1159,,494674.210000,4038579.745000,43.266000
1160,,494674.660000,4038577.229000,43.137000
1161,,494674.909000,4038576.258000,43.055000
1162,,494675.511000,4038574.900000,43.171000
1163,,494676.239000,4038574.415000,43.420000
1164,,494679.483000,4038574.279000,43.444000
1165,,494681.945000,4038573.930000,43.704000
1166,,494684.062000,4038573.106000,43.727000
1167,,494684.943000,4038572.817000,43.983000
1168,,494685.667000,4038576.211000,44.242000
1169,,494685.458000,4038579.007000,44.154000
1170,,494685.261000,4038580.469000,44.346000
1171,,494685.076000,4038582.951000,44.482000
1172,,494684.970000,4038585.475000,44.673000
1173,,494685.019000,4038588.028000,44.751000
1174,,494684.490000,4038590.178000,44.598000
1175,,494683.916000,4038592.293000,44.654000
1176,,494682.989000,4038595.088000,44.575000
1177,,494682.688000,4038595.599000,44.672000
1178,,494683.013000,4038597.141000,45.031000
1179,,494685.329000,4038597.587000,44.902000
1180,,494686.048000,4038597.376000,44.788000
1181,,494686.925000,4038596.200000,45.293000
1182,,494688.234000,4038594.180000,45.178000
1183,,494689.467000,4038592.656000,44.976000
1184,,494691.067000,4038591.026000,44.791000
1185,,494692.236000,4038588.685000,44.419000
1186,,494692.783000,4038586.092000,44.337000
1187,,494692.997000,4038583.791000,44.407000
1188,,494692.911000,4038581.919000,44.423000
1189,,494692.439000,4038580.578000,44.165000
1190,,494691.293000,4038577.890000,44.074000
1191,,494690.763000,4038576.079000,43.896000
1192,,494690.395000,4038574.688000,43.513000
1193,,494691.316000,4038572.157000,43.536000
1194,,494690.828000,4038570.603000,43.692000
1195,,494690.997000,4038568.566000,43.534000
1196,,494691.046000,4038566.244000,43.088000
1197,,494691.648000,4038564.796000,43.148000
1198,,494693.871000,4038563.409000,42.944000
1199,,494694.605000,4038562.979000,42.912000
1200,,494697.123000,4038561.496000,43.039000
1201,,494698.617000,4038562.163000,43.114000
1202,,494699.081000,4038564.519000,43.463000
1203,,494699.900000,4038567.414000,43.757000
1204,,494699.766000,4038569.377000,43.564000
1205,,494699.795000,4038570.722000,44.062000
1206,,494699.434000,4038573.083000,44.187000
1207,,494699.502000,4038574.988000,44.113000
1208,,494699.040000,4038577.334000,44.251000
1209,,494698.196000,4038579.505000,44.126000
1210,,494697.857000,4038582.215000,44.129000
1211,,494697.205000,4038584.538000,44.549000
1212,,494696.993000,4038588.279000,44.658000
1213,,494697.167000,4038590.041000,44.609000
1214,,494696.966000,4038591.879000,45.005000
1215,,494696.488000,4038594.503000,45.109000
1216,,494695.275000,4038597.341000,45.535000
1217,,494695.194000,4038599.382000,46.192000
1218,,494696.454000,4038600.880000,46.190000
1219,,494697.046000,4038601.321000,46.292000
1220,,494698.114000,4038601.024000,46.344000
1221,,494700.413000,4038601.460000,46.084000
1222,,494702.619000,4038601.759000,46.378000
1223,,494703.548000,4038601.879000,46.311000
1224,,494706.164000,4038602.877000,47.335000
1225,,494706.633000,4038602.979000,47.068000
1226,,494708.927000,4038602.856000,47.694000
1227,,494710.908000,4038602.541000,48.032000
1228,,494713.821000,4038604.094000,47.751000
1229,,494714.213000,4038602.983000,47.624000
1230,,494714.817000,4038600.962000,48.153000
1231,,494715.114000,4038598.240000,47.664000
1232,,494714.555000,4038596.491000,47.389000
1233,,494714.996000,4038594.854000,47.118000
1234,,494714.747000,4038591.978000,46.637000
1235,,494714.140000,4038590.070000,46.238000
1236,,494713.299000,4038588.670000,45.786000
1237,,494713.153000,4038586.938000,45.393000
1238,,494714.120000,4038585.314000,46.000000
1239,,494715.329000,4038582.503000,45.362000
1240,,494714.513000,4038581.130000,45.212000
1241,,494713.667000,4038580.099000,44.945000
1242,,494713.275000,4038580.115000,44.797000
1243,,494712.356000,4038581.062000,44.749000
1244,,494710.423000,4038580.814000,44.484000
1245,,494708.588000,4038579.252000,43.694000
1246,,494707.994000,4038575.599000,43.960000
1247,,494707.514000,4038573.480000,43.772000
1248,,494707.039000,4038571.506000,43.923000
1249,,494707.110000,4038570.668000,43.818000
1250,,494706.782000,4038569.287000,43.882000
1251,,494706.604000,4038567.361000,44.060000
1252,,494705.671000,4038564.972000,43.684000
1253,,494705.880000,4038562.339000,43.690000
1254,,494704.657000,4038560.385000,43.272000
1255,,494704.083000,4038558.055000,43.263000
1256,,494702.240000,4038556.511000,43.283000
1257,,494700.722000,4038555.641000,43.379000
1258,,494701.464000,4038555.799000,43.164000
1259,,494703.384000,4038556.060000,43.216000
1260,,494705.764000,4038556.608000,43.212000
1261,,494708.454000,4038557.626000,43.468000
1262,,494710.423000,4038558.557000,43.739000
1263,,494711.624000,4038558.875000,44.138000
1264,,494714.487000,4038560.124000,44.437000
1265,,494714.729000,4038562.239000,44.496000
1266,,494714.751000,4038564.299000,44.929000
1267,,494714.247000,4038566.673000,45.150000
1268,,494714.211000,4038569.340000,45.053000
1269,,494714.501000,4038571.538000,45.182000
1270,,494714.850000,4038573.158000,45.555000
1271,,494714.296000,4038575.410000,45.483000
1272,,494713.912000,4038575.675000,45.461000
1273,,494713.873000,4038565.424000,44.901000
1274,,494711.046000,4038560.755000,44.422000
1275,,494710.128000,4038559.204000,43.804000
1276,,494709.866000,4038556.756000,43.008000
1277,,494709.803000,4038554.215000,42.581000
1278,,494710.835000,4038552.320000,42.366000
1279,,494711.841000,4038552.005000,42.462000
1280,,494714.089000,4038550.409000,41.305000
1281,,494715.237000,4038549.720000,41.248000
1282,,494715.212000,4038547.182000,40.411000
1283,,494715.191000,4038545.727000,40.456000
1284,,494714.984000,4038543.393000,40.355000
1285,,494714.749000,4038541.886000,40.363000
1286,,494713.513000,4038541.366000,40.391000
1287,,494712.295000,4038540.920000,40.514000
1288,,494710.737000,4038540.476000,40.475000
1289,,494710.433000,4038541.001000,40.456000
1290,,494709.413000,4038542.443000,40.177000
1291,,494708.708000,4038543.837000,40.227000
1292,,494705.379000,4038541.307000,39.386000
1293,,494703.682000,4038538.593000,39.478000
1294,,494702.053000,4038537.221000,39.677000
1295,,494701.079000,4038535.428000,39.740000
1296,,494700.350000,4038533.342000,39.805000
1297,,494699.965000,4038531.355000,39.883000
1298,,494700.110000,4038528.920000,39.966000
1299,,494700.453000,4038526.487000,40.165000
1300,,494700.841000,4038525.061000,40.003000
1301,,494701.239000,4038521.862000,39.588000
1302,,494702.145000,4038521.182000,39.553000
1303,,494702.257000,4038518.610000,39.290000
1304,,494701.633000,4038516.447000,39.230000
1305,,494700.905000,4038514.260000,39.240000
1306,,494700.379000,4038512.914000,38.882000
1307,,494699.941000,4038511.515000,38.907000
1308,,494699.707000,4038510.063000,39.093000
1309,,494699.764000,4038507.172000,38.686000
1310,,494700.120000,4038505.394000,38.545000
1311,,494699.930000,4038504.743000,38.244000
1312,,494700.099000,4038503.627000,38.037000
1313,,494701.512000,4038501.253000,37.839000
1314,,494701.211000,4038499.124000,37.691000
1315,,494700.952000,4038496.351000,37.453000
1316,,494701.048000,4038493.750000,37.220000
1317,,494701.891000,4038489.923000,36.847000
1318,,494701.619000,4038487.761000,36.729000
1319,,494701.721000,4038486.022000,37.346000
1320,,494701.872000,4038483.488000,37.231000
1321,,494701.905000,4038482.397000,37.235000
1322,,494703.321000,4038480.527000,36.995000
1323,,494704.104000,4038478.188000,36.979000
1324,,494704.515000,4038476.930000,37.006000
1325,,494705.190000,4038474.455000,36.897000
1326,,494705.244000,4038473.946000,36.991000
1327,,494704.986000,4038472.227000,37.066000
1328,,494705.246000,4038468.593000,37.101000
1329,,494706.532000,4038467.389000,37.097000
1330,,494708.649000,4038467.769000,37.012000
1331,,494710.816000,4038468.456000,37.047000
1332,,494712.662000,4038468.588000,37.238000
1333,,494714.656000,4038469.358000,37.277000
1334,,494716.357000,4038469.936000,37.288000
1335,,494718.267000,4038470.962000,37.338000
1336,,494720.461000,4038472.414000,37.150000
1337,,494723.212000,4038473.127000,37.235000
1338,,494725.522000,4038473.824000,37.171000
1339,,494727.172000,4038473.435000,37.035000
1340,,494729.794000,4038474.028000,37.341000
1341,,494731.572000,4038475.803000,37.472000
1342,,494731.865000,4038478.692000,37.706000
1343,,494731.366000,4038481.489000,37.729000
1344,,494731.181000,4038482.296000,37.767000
1345,,494730.896000,4038483.555000,38.193000
1346,,494730.007000,4038485.182000,37.927000
1347,,494729.147000,4038486.509000,37.898000
1348,,494728.369000,4038488.171000,37.741000
1349,,494728.985000,4038492.562000,38.114000
1350,,494729.480000,4038494.197000,38.099000
1351,,494729.429000,4038496.574000,38.258000
1352,,494728.758000,4038499.285000,38.234000
1353,,494728.421000,4038501.574000,38.539000
1354,,494727.786000,4038502.974000,38.856000
1355,,494726.758000,4038504.714000,38.878000
1356,,494725.869000,4038505.699000,38.830000
1357,,494724.289000,4038505.901000,38.485000
1358,,494722.585000,4038505.988000,38.574000
1359,,494719.844000,4038506.725000,38.326000
1360,,494718.189000,4038506.502000,38.569000
1361,,494716.662000,4038507.388000,38.603000
1362,,494714.628000,4038507.940000,38.780000
1363,,494713.928000,4038506.896000,38.452000
1364,,494713.979000,4038503.577000,37.683000
1365,,494715.157000,4038501.022000,37.799000
1366,,494716.510000,4038499.624000,38.071000
1367,,494717.609000,4038497.119000,37.948000
1368,,494718.135000,4038496.374000,37.988000
1369,,494718.860000,4038494.890000,38.033000
1370,,494719.558000,4038493.239000,37.849000
1371,,494720.234000,4038491.390000,37.626000
1372,,494720.612000,4038488.653000,37.762000
1373,,494720.591000,4038487.668000,37.460000
1374,,494720.650000,4038486.568000,37.110000
1375,,494720.626000,4038482.637000,37.287000
1376,,494720.738000,4038480.370000,37.419000
1377,,494720.740000,4038477.779000,37.047000
1378,,494720.724000,4038475.593000,37.016000
1379,,494720.032000,4038473.357000,37.179000
1380,,494720.514000,4038468.509000,38.633000
1381,,494482.577000,4038560.492000,36.322000
1382,,494482.735000,4038560.002000,36.348000
1383,,494484.686000,4038560.248000,36.499000
1384,,494486.856000,4038561.065000,36.498000
1385,,494489.996000,4038561.826000,37.084000
1386,,494492.273000,4038562.187000,37.123000
1387,,494495.213000,4038562.729000,37.486000
1388,,494497.293000,4038562.457000,37.852000
1389,,494499.587000,4038562.405000,38.061000
1390,,494502.357000,4038562.196000,38.799000
1391,,494506.690000,4038562.744000,39.358000
1392,,494508.486000,4038563.014000,39.654000
1393,,494511.565000,4038563.433000,39.410000
1394,,494513.973000,4038563.418000,39.983000
1395,,494516.480000,4038563.308000,40.581000
1396,,494518.756000,4038563.025000,41.083000
1397,,494521.493000,4038563.007000,40.964000
1398,,494523.368000,4038562.977000,40.928000
1399,,494524.974000,4038561.931000,41.377000
1400,,494526.190000,4038559.924000,41.580000
1401,,494525.580000,4038558.265000,41.699000
1402,,494524.123000,4038557.710000,41.622000
1403,,494521.966000,4038557.664000,41.155000
1404,,494519.788000,4038556.594000,41.062000
1405,,494517.279000,4038555.500000,40.832000
1406,,494515.256000,4038554.035000,40.170000
1407,,494513.306000,4038553.599000,40.074000
1408,,494510.054000,4038553.416000,39.699000
1409,,494508.283000,4038552.829000,39.884000
1410,,494506.279000,4038552.267000,40.189000
1411,,494504.258000,4038551.086000,39.856000
1412,,494501.924000,4038550.768000,39.169000
1413,,494500.212000,4038550.118000,39.121000
1414,,494497.735000,4038548.988000,38.705000
1415,,494497.312000,4038548.637000,38.850000
1416,,494495.454000,4038548.719000,38.618000
1417,,494493.858000,4038548.265000,38.850000
1418,,494491.523000,4038548.186000,38.183000
1419,,494490.124000,4038548.276000,37.787000
1420,,494488.001000,4038547.799000,37.865000
1421,,494485.690000,4038546.132000,37.847000
1422,,494485.212000,4038544.215000,37.862000
1423,,494486.300000,4038541.183000,38.282000
1424,,494487.066000,4038540.457000,38.507000
1425,,494489.916000,4038540.309000,38.242000
1426,,494492.874000,4038540.319000,38.679000
1427,,494496.590000,4038541.273000,39.085000
1428,,494499.129000,4038541.328000,39.262000
1429,,494500.769000,4038541.589000,39.468000
1430,,494503.435000,4038541.606000,39.598000
1431,,494506.777000,4038541.605000,40.058000
1432,,494509.472000,4038541.357000,40.642000
1433,,494512.088000,4038541.275000,40.133000
1434,,494515.640000,4038541.430000,40.378000
1435,,494518.799000,4038541.614000,40.482000
1436,,494521.491000,4038542.189000,40.899000
1437,,494523.801000,4038542.806000,41.009000
1438,,494525.952000,4038543.064000,40.962000
1439,,494527.712000,4038540.936000,41.063000
1440,,494527.751000,4038538.876000,41.426000
1441,,494526.884000,4038536.440000,41.303000
1442,,494525.808000,4038534.460000,40.943000
1443,,494524.519000,4038533.494000,40.915000
1444,,494522.321000,4038532.224000,40.544000
1445,,494520.149000,4038530.927000,40.640000
1446,,494517.916000,4038529.371000,40.448000
1447,,494515.227000,4038528.743000,40.673000
1448,,494511.781000,4038528.014000,39.952000
1449,,494509.224000,4038527.133000,39.824000
1450,,494506.994000,4038525.575000,39.663000
1451,,494504.430000,4038524.137000,39.611000
1452,,494501.901000,4038523.124000,40.006000
1453,,494500.066000,4038522.886000,39.938000
1454,,494497.253000,4038521.661000,39.525000
1455,,494494.466000,4038521.099000,39.703000
1456,,494492.567000,4038521.035000,39.216000
1457,,494490.197000,4038520.568000,39.765000
1458,,494489.014000,4038520.103000,39.726000
1459,,494489.889000,4038518.032000,39.786000
1460,,494490.022000,4038516.602000,39.768000
1461,,494491.149000,4038515.296000,39.084000
1462,,494491.758000,4038513.322000,38.872000
1463,,494492.304000,4038511.353000,38.667000
1464,,494492.876000,4038510.811000,38.842000
1465,,494495.378000,4038510.252000,38.926000
1466,,494497.764000,4038509.786000,39.264000
1467,,494500.256000,4038509.895000,39.639000
1468,,494501.685000,4038509.844000,39.509000
1469,,494503.567000,4038509.302000,39.838000
1470,,494505.626000,4038509.405000,39.878000
1471,,494507.997000,4038510.363000,39.786000
1472,,494510.666000,4038511.161000,39.830000
1473,,494514.032000,4038511.554000,39.387000
1474,,494516.886000,4038511.437000,39.745000
1475,,494519.497000,4038511.189000,39.912000
1476,,494522.883000,4038510.771000,40.246000
1477,,494525.185000,4038510.330000,40.740000
1478,,494528.494000,4038509.761000,40.610000
1479,,494531.292000,4038509.886000,40.632000
1480,,494533.621000,4038509.325000,40.869000
1481,,494535.322000,4038508.970000,40.687000
1482,,494537.338000,4038508.367000,40.737000
1483,,494539.694000,4038508.337000,41.056000
1484,,494542.285000,4038508.524000,41.106000
1485,,494545.363000,4038508.241000,40.985000
1486,,494544.409000,4038499.348000,40.469000
1487,,494541.828000,4038497.976000,40.143000
1488,,494540.676000,4038497.224000,39.998000
1489,,494537.762000,4038496.552000,40.094000
1490,,494535.179000,4038495.700000,39.939000
1491,,494533.620000,4038494.442000,40.168000
1492,,494530.806000,4038493.470000,40.136000
1493,,494529.064000,4038492.910000,40.292000
1494,,494526.450000,4038491.861000,40.199000
1495,,494524.829000,4038490.855000,40.347000
1496,,494522.327000,4038490.058000,39.981000
1497,,494519.537000,4038489.564000,39.552000
1498,,494516.811000,4038488.871000,39.542000
1499,,494514.254000,4038488.523000,39.366000
1500,,494511.826000,4038488.379000,39.396000
1501,,494509.152000,4038488.395000,39.121000
1502,,494507.524000,4038487.909000,39.386000
1503,,494506.600000,4038485.398000,39.102000
1504,,494505.201000,4038484.233000,39.245000
1505,,494502.973000,4038483.283000,38.965000
1506,,494502.026000,4038480.655000,38.985000
1507,,494502.189000,4038478.106000,38.955000
1508,,494503.688000,4038475.441000,38.972000
1509,,494503.693000,4038472.699000,39.216000
1510,,494503.684000,4038469.840000,39.445000
1511,,494504.091000,4038467.254000,39.359000
1512,,494504.460000,4038464.722000,39.370000
1513,,494504.571000,4038463.102000,39.581000
1514,,494508.259000,4038450.384000,39.872000
1515,,494508.144000,4038451.162000,39.949000
1516,,494507.985000,4038452.610000,39.983000
1517,,494507.637000,4038455.098000,39.879000
1518,,494507.472000,4038457.607000,39.659000
1519,,494507.036000,4038460.434000,39.552000
1520,,494507.047000,4038461.931000,39.466000
1521,,494505.737000,4038464.416000,39.630000
1522,,494504.268000,4038466.624000,39.452000
1523,,494503.184000,4038468.484000,39.357000
1524,,494502.523000,4038470.966000,39.403000
1525,,494501.444000,4038472.750000,39.424000
1526,,494506.154000,4038470.360000,39.048000
1527,,494507.137000,4038468.268000,38.985000
1528,,494507.492000,4038466.511000,39.291000
1529,,494508.307000,4038464.932000,39.010000
1530,,494510.018000,4038461.077000,39.352000
1531,,494510.498000,4038458.739000,39.176000
1532,,494510.942000,4038456.475000,39.338000
1533,,494511.859000,4038454.689000,39.504000
1534,,494512.334000,4038452.001000,39.325000
1535,,494512.700000,4038450.147000,39.622000
1536,,494511.981000,4038448.010000,39.651000
1537,,494510.812000,4038446.153000,39.454000
1538,,494510.449000,4038443.616000,39.180000
1539,,494511.399000,4038441.621000,39.054000
1540,,494512.707000,4038439.578000,38.294000
1541,,494513.035000,4038436.845000,38.605000
1542,,494513.560000,4038435.250000,38.401000
1543,,494515.243000,4038432.827000,38.292000
1544,,494515.855000,4038430.848000,37.993000
1545,,494517.313000,4038429.349000,38.017000
1546,,494518.385000,4038428.046000,37.985000
1547,,494519.374000,4038427.849000,37.814000
1548,,494521.364000,4038427.883000,38.035000
1549,,494522.085000,4038428.206000,37.901000
1550,,494523.492000,4038428.645000,38.055000
1551,,494525.772000,4038429.956000,38.050000
1552,,494528.098000,4038431.481000,38.171000
1553,,494530.269000,4038431.976000,37.924000
1554,,494530.722000,4038432.072000,37.889000
1555,,494532.824000,4038432.569000,37.750000
1556,,494534.268000,4038432.498000,37.231000
1557,,494536.472000,4038432.296000,37.032000
1558,,494538.060000,4038432.588000,37.124000
1559,,494540.277000,4038433.094000,36.971000
1560,,494541.676000,4038433.834000,36.872000
1561,,494543.779000,4038434.420000,37.011000
1562,,494546.110000,4038434.928000,36.754000
1563,,494548.306000,4038435.587000,36.663000
1564,,494549.684000,4038436.696000,36.850000
1565,,494550.700000,4038437.259000,36.798000
1566,,494550.502000,4038439.173000,36.998000
1567,,494550.275000,4038441.153000,37.529000
1568,,494549.646000,4038443.387000,37.696000
1569,,494549.302000,4038445.924000,37.536000
1570,,494549.146000,4038448.880000,38.042000
1571,,494548.905000,4038449.925000,38.040000
1572,,494548.453000,4038451.456000,38.231000
1573,,494547.531000,4038453.226000,38.465000
1574,,494547.060000,4038454.938000,38.164000
1575,,494546.719000,4038457.839000,38.347000
1576,,494546.015000,4038459.904000,38.230000
1577,,494544.979000,4038462.735000,38.135000
1578,,494544.531000,4038464.733000,38.369000
1579,,494543.153000,4038467.807000,38.319000
1580,,494542.596000,4038469.671000,38.788000
1581,,494542.152000,4038471.812000,38.576000
1582,,494541.497000,4038474.720000,38.988000
1583,,494541.163000,4038476.797000,38.627000
1584,,494540.292000,4038479.099000,39.225000
1585,,494538.968000,4038480.540000,39.458000
1586,,494537.897000,4038481.860000,39.663000
1587,,494537.261000,4038484.574000,39.633000
1588,,494536.741000,4038486.405000,39.847000
1589,,494536.190000,4038487.450000,39.717000
1590,,494535.666000,4038489.095000,39.726000
1591,,494532.488000,4038489.368000,39.775000
1592,,494531.793000,4038488.824000,39.638000
1593,,494530.299000,4038486.683000,39.908000
1594,,494529.882000,4038485.763000,39.765000
1595,,494529.412000,4038483.842000,39.674000
1596,,494529.279000,4038482.180000,39.488000
1597,,494528.883000,4038477.889000,39.334000
1598,,494528.895000,4038477.863000,39.351000
1599,,494529.148000,4038476.725000,39.457000
1600,,494530.338000,4038471.389000,39.267000
1601,,494530.322000,4038470.003000,39.238000
1602,,494530.417000,4038468.471000,39.186000
1603,,494530.823000,4038466.885000,38.818000
1604,,494531.168000,4038461.926000,38.900000
1605,,494531.485000,4038461.258000,38.725000
1606,,494532.266000,4038459.849000,38.688000
1607,,494533.103000,4038457.994000,38.744000
1608,,494533.227000,4038456.131000,38.725000
1609,,494533.177000,4038453.718000,38.471000
1610,,494533.676000,4038451.969000,38.546000
1611,,494533.791000,4038449.864000,38.302000
1612,,494533.638000,4038447.051000,38.357000
1613,,494533.718000,4038445.852000,38.145000
1614,,494533.185000,4038443.961000,37.991000
1615,,494532.933000,4038443.473000,38.088000
1616,,494532.448000,4038442.494000,38.296000
1617,,494531.743000,4038440.549000,38.164000
1618,,494529.599000,4038438.552000,38.234000
1619,,494527.177000,4038437.667000,38.237000
1620,,494525.595000,4038439.671000,38.656000
1621,,494524.163000,4038441.857000,38.700000
1622,,494523.947000,4038442.977000,39.013000
1623,,494524.282000,4038444.686000,39.143000
