206土石分界,,494674.545,4038469.186,35.756
206土石分界0,,494674.577,4038469.151,35.743
206土石分界1,,494675.475,4038469.358,35.469
206土石分界2,,494676.319,4038470.249,35.322
206土石分界3,,494679.808,4038471.481,35.144
206土石分界4,,494681.833,4038472.747,34.956
206土石分界5,,494684.538,4038471.986,34.907
206土石分界6,,494686.422,4038472.961,35.185
206土石分界7,,494687.740,4038474.190,35.709
206土石分界8,,494688.575,4038477.031,35.480
206土石分界9,,494688.691,4038480.920,35.798
206土石分界10,,494689.112,4038484.413,36.401
206土石分界11,,494689.314,4038486.279,36.332
206土石分界12,,494689.330,4038487.973,36.579
206土石分界13,,494689.199,4038491.107,36.584
206土石分界14,,494688.924,4038493.507,36.925
206土石分界15,,494689.463,4038496.569,36.994
206土石分界16,,494690.375,4038497.492,37.356
206土石分界17,,494689.627,4038501.795,37.656
206土石分界18,,494690.666,4038504.990,38.133
206土石分界19,,494689.470,4038509.573,38.352
206土石分界20,,494689.496,4038511.859,38.630
206土石分界21,,494689.427,4038514.897,39.353
206土石分界22,,494689.521,4038521.002,39.471
206土石分界23,,494689.750,4038527.132,39.781
206土石分界24,,494686.394,4038531.223,40.309
206土石分界25,,494688.300,4038533.265,40.675
206土石分界26,,494687.960,4038539.975,39.869
206土石分界27,,494686.158,4038543.533,40.344
206土石分界28,,494685.724,4038544.512,40.454
206土石分界29,,494685.455,4038544.084,39.916
206土石分界30,,494683.052,4038544.047,39.789
206土石分界31,,494679.800,4038541.438,39.615
206土石分界32,,494673.847,4038543.363,40.569
206土石分界33,,494676.786,4038545.891,40.638
206土石分界34,,494673.045,4038543.177,40.323
206土石分界35,,494673.286,4038543.159,40.131
206土石分界36,,494674.987,4038541.549,39.744
206土石分界37,,494677.285,4038538.624,39.612
206土石分界38,,494675.533,4038536.319,39.943
206土石分界39,,494672.881,4038531.742,39.394
206土石分界40,,494681.352,4038537.333,39.097
206土石分界41,,494680.493,4038536.278,39.043
206土石分界42,,494678.954,4038535.239,38.890
206土石分界43,,494676.890,4038533.110,38.661
206土石分界44,,494675.707,4038531.657,38.773
206土石分界45,,494674.129,4038528.465,38.632
206土石分界46,,494678.520,4038527.332,38.732
206土石分界47,,494678.081,4038526.165,38.802
206土石分界48,,494676.896,4038524.118,38.253
206土石分界49,,494675.085,4038521.621,38.319
206土石分界50,,494675.807,4038521.449,38.357
206土石分界51,,494676.643,4038519.803,38.878
206土石分界52,,494677.341,4038517.645,38.880
206土石分界53,,494677.635,4038514.108,38.575
206土石分界54,,494677.406,4038509.746,38.308
206土石分界55,,494674.929,4038509.393,38.390
206土石分界56,,494672.589,4038512.218,38.503
206土石分界57,,494671.566,4038514.278,38.689
206土石分界58,,494671.706,4038516.844,38.867
206土石分界59,,494672.489,4038508.392,38.481
206土石分界60,,494674.446,4038505.919,37.926
206土石分界61,,494675.768,4038503.684,37.705
206土石分界62,,494674.674,4038500.606,37.637
206土石分界63,,494677.571,4038499.364,37.088
206土石分界64,,494677.869,4038497.561,37.107
206土石分界65,,494676.449,4038495.498,37.163
206土石分界66,,494676.314,4038493.275,37.220
206土石分界67,,494677.896,4038492.645,36.527
206土石分界68,,494676.777,4038490.348,36.286
206土石分界69,,494677.857,4038489.028,36.817
206土石分界70,,494680.267,4038488.822,36.691
206土石分界71,,494678.981,4038486.103,36.526
206土石分界72,,494676.584,4038485.581,36.841
206土石分界73,,494674.214,4038484.350,36.782
206土石分界74,,494672.842,4038482.756,36.868
206土石分界75,,494671.626,4038479.885,36.534
206土石分界76,,494670.513,4038478.722,36.340
206土石分界77,,494669.404,4038476.838,36.079
206土石分界78,,494668.142,4038476.476,36.128
206土石分界79,,494667.669,4038480.246,36.287
206土石分界80,,494667.785,4038483.629,36.546
206土石分界81,,494668.894,4038487.600,37.179
206土石分界82,,494670.405,4038490.742,37.374
206土石分界83,,494671.665,4038493.213,37.444
206土石分界84,,494665.965,4038482.373,36.764
206土石分界85,,494666.462,4038480.099,36.267
206土石分界86,,494666.702,4038477.085,35.858
206土石分界87,,494666.108,4038474.215,35.666
206土石分界88,,494665.805,4038472.153,35.838
206土石分界89,,494665.121,4038468.429,35.472
206土石分界90,,494664.424,4038466.229,35.565
206土石分界91,,494663.088,4038464.181,35.310
206土石分界92,,494661.898,4038463.426,35.370
206土石分界93,,494659.775,4038462.575,35.188
206土石分界94,,494656.318,4038462.275,34.796
206土石分界95,,494653.003,4038461.969,34.622
206土石分界96,,494650.452,4038461.368,34.843
206土石分界97,,494647.821,4038460.562,34.903
206土石分界98,,494645.386,4038460.264,34.929
206土石分界99,,494643.533,4038459.515,34.824
206土石分界100,,494640.239,4038460.030,34.939
206土石分界101,,494637.736,4038460.004,35.062
206土石分界102,,494634.763,4038459.543,35.035
206土石分界103,,494631.993,4038457.411,35.185
206土石分界104,,494630.122,4038456.972,35.193
206土石分界105,,494627.221,4038456.099,34.877
206土石分界106,,494624.246,4038456.424,34.728
206土石分界107,,494621.588,4038455.923,34.695
206土石分界108,,494620.115,4038456.106,34.876
206土石分界109,,494617.010,4038455.921,34.702
206土石分界110,,494615.159,4038455.766,34.916
206土石分界111,,494612.493,4038455.471,35.148
206土石分界112,,494609.390,4038454.772,35.159
206土石分界113,,494606.007,4038453.909,35.076
206土石分界114,,494602.737,4038453.572,34.808
206土石分界115,,494599.447,4038453.238,34.713
206土石分界116,,494597.388,4038453.130,34.742
206土石分界117,,494594.075,4038452.979,34.665
206土石分界118,,494591.016,4038453.007,34.557
206土石分界119,,494590.287,4038454.754,34.802
206土石分界120,,494589.801,4038457.353,34.824
206土石分界121,,494591.438,4038457.977,35.084
206土石分界122,,494593.229,4038458.061,34.951
206土石分界123,,494595.940,4038458.711,34.409
206土石分界124,,494597.982,4038459.144,34.596
206土石分界125,,494600.217,4038459.817,34.797
206土石分界126,,494602.591,4038460.240,35.056
206土石分界127,,494605.233,4038460.033,35.308
206土石分界128,,494607.659,4038460.544,35.095
206土石分界129,,494609.268,4038460.777,35.417
206土石分界130,,494611.927,4038461.077,35.195
206土石分界131,,494613.479,4038461.071,35.191
206土石分界132,,494616.147,4038461.947,34.648
206土石分界133,,494617.863,4038462.077,34.838
206土石分界134,,494620.675,4038462.254,34.711
206土石分界135,,494623.211,4038462.293,34.857
206土石分界136,,494625.862,4038463.120,35.087
206土石分界137,,494627.645,4038463.373,34.974
206土石分界138,,494630.889,4038463.377,35.045
206土石分界139,,494632.699,4038463.554,35.286
206土石分界140,,494635.860,4038463.315,35.001
206土石分界141,,494638.048,4038463.249,34.967
206土石分界142,,494640.297,4038463.601,34.958
206土石分界143,,494643.142,4038464.015,34.592
206土石分界144,,494645.701,4038464.136,34.670
206土石分界145,,494648.067,4038464.080,34.678
206土石分界146,,494651.123,4038463.872,34.602
206土石分界147,,494652.280,4038464.307,34.653
206土石分界148,,494654.464,4038464.593,34.680
206土石分界149,,494655.692,4038464.294,34.933
206土石分界150,,494657.979,4038464.910,35.057
206土石分界151,,494661.814,4038466.697,35.006
206土石分界152,,494663.234,4038467.488,35.289
206土石分界153,,494666.387,4038468.627,35.867
206土石分界154,,494667.233,4038470.060,36.102
206土石分界155,,494666.416,4038471.592,35.902
206土石分界156,,494663.584,4038471.892,35.399
206土石分界157,,494660.952,4038471.952,34.854
206土石分界158,,494658.120,4038472.152,35.574
206土石分界159,,494656.447,4038471.478,35.805
206土石分界160,,494654.238,4038470.913,35.656
206土石分界161,,494651.423,4038470.433,35.625
206土石分界162,,494650.208,4038470.290,35.762
206土石分界163,,494647.537,4038470.275,35.534
206土石分界164,,494644.764,4038470.204,35.080
206土石分界165,,494642.917,4038469.391,35.245
206土石分界166,,494640.551,4038468.994,35.342
206土石分界167,,494637.867,4038468.634,35.518
206土石分界168,,494635.916,4038468.509,35.521
206土石分界169,,494633.784,4038468.090,35.313
206土石分界170,,494631.051,4038467.568,35.367
206土石分界171,,494628.116,4038467.118,35.060
206土石分界172,,494626.357,4038467.101,35.168
206土石分界173,,494623.393,4038466.455,34.901
206土石分界174,,494621.557,4038466.157,35.007
206土石分界175,,494618.505,4038465.495,34.674
206土石分界176,,494616.954,4038465.314,34.700
206土石分界177,,494614.547,4038465.208,34.579
206土石分界178,,494611.667,4038464.921,34.824
206土石分界179,,494609.478,4038464.518,35.073
206土石分界180,,494608.066,4038464.316,35.328
206土石分界181,,494605.362,4038463.890,35.168
206土石分界182,,494602.746,4038463.257,35.061
206土石分界183,,494601.175,4038463.019,34.920
206土石分界184,,494598.451,4038462.262,34.642
206土石分界185,,494596.376,4038462.363,34.426
206土石分界186,,494593.938,4038461.988,34.749
206土石分界187,,494591.915,4038461.873,34.793
206土石分界188,,494589.329,4038461.695,35.032
206土石分界189,,494585.990,4038463.398,34.851
206土石分界190,,494587.003,4038464.516,34.874
206土石分界191,,494589.708,4038465.531,35.002
206土石分界192,,494593.429,4038464.911,34.611
206土石分界193,,494595.473,4038466.182,34.418
206土石分界194,,494599.112,4038467.622,34.318
206土石分界195,,494600.749,4038467.619,34.556
206土石分界196,,494603.303,4038468.127,34.685
206土石分界197,,494605.776,4038468.966,34.908
206土石分界198,,494608.171,4038469.198,34.946
206土石分界199,,494611.061,4038469.338,34.371
206土石分界200,,494613.494,4038469.485,34.553
206土石分界201,,494616.033,4038469.768,34.578
206土石分界202,,494618.534,4038469.648,34.588
206土石分界203,,494621.291,4038469.904,34.858
206土石分界204,,494623.161,4038470.565,35.209
206土石分界205,,494626.157,4038470.719,35.358
206土石分界206,,494628.615,4038471.073,35.521
206土石分界207,,494631.591,4038471.373,35.379
206土石分界208,,494633.591,4038471.312,35.587
206土石分界209,,494636.446,4038471.604,35.396
206土石分界210,,494639.050,4038471.785,35.443
206土石分界211,,494641.078,4038472.289,35.778
206土石分界212,,494643.245,4038473.009,35.581
206土石分界213,,494646.761,4038473.342,35.281
206土石分界214,,494648.932,4038473.237,35.654
206土石分界215,,494650.148,4038473.101,35.986
206土石分界216,,494652.276,4038472.976,35.910
206土石分界217,,494654.237,4038473.704,35.387
206土石分界218,,494656.241,4038473.669,35.753
206土石分界219,,494658.676,4038474.199,36.003
206土石分界220,,494662.228,4038474.841,35.235
206土石分界221,,494666.606,4038475.394,35.683
206土石分界222,,494667.195,4038478.382,35.961
206土石分界223,,494665.807,4038480.022,36.039
206土石分界224,,494664.164,4038480.331,36.222
206土石分界225,,494659.594,4038480.705,36.221
206土石分界226,,494655.195,4038480.933,36.287
206土石分界227,,494653.138,4038480.512,36.258
206土石分界228,,494649.637,4038479.827,36.321
206土石分界229,,494647.349,4038479.731,35.808
206土石分界230,,494645.313,4038479.316,35.862
206土石分界231,,494643.102,4038479.059,35.875
206土石分界232,,494640.700,4038478.511,35.790
206土石分界233,,494637.564,4038478.182,35.486
206土石分界234,,494635.781,4038477.981,35.593
206土石分界235,,494632.736,4038477.323,35.479
206土石分界236,,494631.256,4038476.947,35.728
206土石分界237,,494628.443,4038475.860,35.676
206土石分界238,,494624.421,4038474.730,35.433
206土石分界239,,494622.017,4038474.050,34.975
206土石分界240,,494618.845,4038473.845,34.476
206土石分界241,,494617.424,4038473.813,34.497
206土石分界242,,494614.674,4038473.560,34.259
206土石分界243,,494612.309,4038473.159,34.208
206土石分界244,,494610.116,4038472.842,34.906
206土石分界245,,494607.629,4038472.395,35.027
206土石分界246,,494605.106,4038472.044,35.034
206土石分界247,,494602.688,4038471.305,34.719
206土石分界248,,494599.688,4038471.111,34.391
206土石分界249,,494597.207,4038470.777,34.413
206土石分界250,,494594.476,4038470.821,34.406
206土石分界251,,494590.633,4038470.450,34.830
206土石分界252,,494590.933,4038472.460,35.036
206土石分界253,,494592.140,4038473.927,34.862
206土石分界254,,494594.758,4038474.442,34.414
206土石分界255,,494597.834,4038474.895,34.239
206土石分界256,,494600.661,4038475.098,34.387
206土石分界257,,494603.146,4038475.018,34.661
206土石分界258,,494605.732,4038474.729,34.835
206土石分界259,,494607.353,4038474.509,34.781
206土石分界260,,494609.413,4038474.200,34.555
206土石分界261,,494611.648,4038474.370,34.307
206土石分界262,,494614.221,4038474.502,34.276
206土石分界263,,494615.908,4038474.893,34.279
206土石分界264,,494618.057,4038475.192,34.488
206土石分界265,,494620.354,4038475.463,34.652
206土石分界266,,494622.964,4038476.320,35.259
206土石分界267,,494625.236,4038476.719,35.437
206土石分界268,,494627.624,4038476.145,35.559
206土石分界269,,494630.128,4038476.364,35.645
206土石分界270,,494633.858,4038476.582,35.464
206土石分界271,,494636.631,4038477.150,35.458
206土石分界272,,494638.212,4038477.552,35.676
206土石分界273,,494641.029,4038477.559,35.597
206土石分界274,,494642.498,4038477.750,35.872
206土石分界275,,494645.506,4038478.432,35.744
206土石分界276,,494647.421,4038478.406,36.038
206土石分界277,,494650.838,4038479.400,36.016
206土石分界278,,494652.595,4038479.873,36.252
206土石分界279,,494655.216,4038480.788,36.179
206土石分界280,,494657.373,4038481.011,36.478
206土石分界281,,494660.221,4038480.976,36.310
206土石分界282,,494663.450,4038480.883,36.417
206土石分界283,,494666.515,4038481.538,36.084
206土石分界284,,494667.913,4038484.877,36.776
206土石分界285,,494667.479,4038485.190,36.656
206土石分界286,,494665.361,4038485.459,36.809
206土石分界287,,494663.203,4038485.472,36.598
206土石分界288,,494660.803,4038485.103,36.546
206土石分界289,,494658.885,4038484.788,36.674
206土石分界290,,494655.479,4038484.510,36.069
206土石分界291,,494653.582,4038484.214,36.318
206土石分界292,,494651.167,4038484.009,36.345
206土石分界293,,494648.679,4038483.663,36.308
206土石分界294,,494646.222,4038483.861,36.066
206土石分界295,,494643.806,4038483.454,36.014
206土石分界296,,494641.589,4038482.373,35.683
206土石分界297,,494638.575,4038481.387,35.649
206土石分界298,,494636.413,4038481.876,35.742
206土石分界299,,494633.804,4038481.296,35.769
206土石分界300,,494630.917,4038481.069,35.612
206土石分界301,,494628.429,4038480.955,35.599
206土石分界302,,494625.497,4038480.339,35.532
206土石分界303,,494622.370,4038479.983,35.315
206土石分界304,,494620.367,4038479.863,34.607
206土石分界305,,494617.518,4038479.403,34.290
206土石分界306,,494615.932,4038479.301,34.472
206土石分界307,,494613.137,4038478.862,34.119
206土石分界308,,494609.988,4038478.275,34.445
206土石分界309,,494608.067,4038477.677,35.036
206土石分界310,,494605.759,4038477.648,35.132
206土石分界311,,494603.448,4038477.337,34.944
206土石分界312,,494600.052,4038476.596,34.411
206土石分界313,,494598.774,4038476.771,34.634
206土石分界314,,494594.767,4038475.922,34.143
206土石分界315,,494593.343,4038475.776,34.522
206土石分界316,,494593.555,4038479.313,34.720
206土石分界317,,494595.068,4038480.539,34.581
206土石分界318,,494598.205,4038481.259,34.602
206土石分界319,,494600.871,4038481.344,34.842
206土石分界320,,494603.375,4038481.210,35.131
206土石分界321,,494605.815,4038481.321,35.293
206土石分界322,,494607.414,4038481.528,34.694
206土石分界323,,494609.200,4038481.620,34.662
206土石分界324,,494611.191,4038482.082,34.284
206土石分界325,,494613.244,4038482.130,34.214
206土石分界326,,494615.099,4038482.227,34.520
206土石分界327,,494618.371,4038482.834,34.686
206土石分界328,,494621.448,4038483.186,35.387
206土石分界329,,494623.168,4038483.526,35.552
206土石分界330,,494625.479,4038484.114,35.717
206土石分界331,,494631.817,4038484.956,35.703
206土石分界332,,494634.395,4038485.089,35.587
206土石分界333,,494636.015,4038484.957,35.675
206土石分界334,,494641.101,4038486.730,35.784
206土石分界335,,494642.511,4038486.129,36.048
206土石分界336,,494644.831,4038485.873,35.846
206土石分界337,,494647.251,4038486.156,35.542
206土石分界338,,494649.198,4038485.801,36.010
206土石分界339,,494651.584,4038485.900,36.323
206土石分界340,,494654.450,4038486.302,36.514
206土石分界341,,494657.675,4038486.796,36.463
206土石分界342,,494659.324,4038486.718,36.789
206土石分界343,,494661.913,4038486.964,36.826
206土石分界344,,494664.729,4038487.440,37.210
206土石分界345,,494667.277,4038487.933,37.084
206土石分界346,,494670.622,4038491.758,37.201
206土石分界347,,494668.731,4038492.291,37.421
206土石分界348,,494667.382,4038492.222,37.618
206土石分界349,,494664.496,4038491.903,37.029
206土石分界350,,494662.548,4038491.844,37.172
206土石分界351,,494659.365,4038491.074,36.851
206土石分界352,,494657.813,4038490.927,37.085
206土石分界353,,494655.462,4038490.187,36.668
206土石分界354,,494653.617,4038489.586,36.488
206土石分界355,,494650.518,4038489.582,35.754
206土石分界356,,494647.811,4038489.015,35.481
206土石分界357,,494645.822,4038488.749,35.964
206土石分界358,,494643.410,4038489.043,36.198
206土石分界359,,494641.092,4038488.909,35.850
206土石分界360,,494637.975,4038489.016,35.671
206土石分界361,,494635.417,4038488.714,35.599
206土石分界362,,494632.748,4038488.318,35.951
206土石分界363,,494631.354,4038488.191,36.211
206土石分界364,,494628.830,4038487.942,36.117
206土石分界365,,494626.383,4038487.638,35.807
206土石分界366,,494624.144,4038487.147,35.625
206土石分界367,,494622.511,4038487.430,35.822
206土石分界368,,494620.927,4038487.546,35.792
206土石分界369,,494619.114,4038487.508,35.243
206土石分界370,,494617.184,4038486.643,34.930
206土石分界371,,494607.696,4038485.441,34.944
206土石分界372,,494606.147,4038485.296,35.001
206土石分界373,,494604.200,4038485.039,35.233
206土石分界374,,494601.964,4038484.432,35.100
206土石分界375,,494599.250,4038483.755,34.445
206土石分界376,,494595.908,4038483.410,34.745
206土石分界377,,494597.019,4038484.966,34.993
206土石分界378,,494598.826,4038487.247,34.940
206土石分界379,,494600.612,4038487.462,35.221
206土石分界380,,494603.866,4038487.937,35.123
206土石分界381,,494606.083,4038488.381,35.088
206土石分界382,,494607.410,4038488.522,35.342
206土石分界383,,494610.002,4038488.820,35.030
206土石分界384,,494612.950,4038489.225,34.797
206土石分界385,,494614.550,4038489.427,35.023
206土石分界386,,494617.348,4038489.773,34.889
206土石分界387,,494620.175,4038489.968,35.503
206土石分界388,,494622.130,4038490.454,35.835
206土石分界389,,494624.447,4038490.823,35.870
206土石分界390,,494627.037,4038491.286,36.322
206土石分界391,,494628.403,4038491.494,36.481
206土石分界392,,494631.101,4038491.688,36.222
206土石分界393,,494633.665,4038491.942,36.223
206土石分界394,,494635.208,4038491.827,36.232
206土石分界395,,494637.755,4038491.964,36.234
206土石分界396,,494640.402,4038492.548,35.806
206土石分界397,,494642.049,4038492.366,36.067
206土石分界398,,494644.774,4038492.425,35.584
206土石分界399,,494647.629,4038492.419,35.604
206土石分界400,,494650.319,4038492.670,35.644
206土石分界401,,494652.555,4038492.555,36.246
206土石分界402,,494655.511,4038492.826,36.887
206土石分界403,,494656.610,4038492.677,37.236
206土石分界404,,494659.126,4038492.833,36.972
206土石分界405,,494662.161,4038492.983,37.008
206土石分界406,,494663.583,4038492.712,37.369
206土石分界407,,494666.374,4038492.825,37.379
206土石分界408,,494669.874,4038493.921,37.391
206土石分界409,,494671.305,4038494.303,37.673
206土石分界410,,494671.636,4038498.255,37.674
206土石分界411,,494671.040,4038498.121,37.653
206土石分界412,,494668.762,4038498.207,37.512
206土石分界413,,494667.484,4038498.111,37.769
206土石分界414,,494664.755,4038498.130,37.452
206土石分界415,,494663.077,4038498.364,37.481
206土石分界416,,494661.577,4038498.326,37.301
206土石分界417,,494658.980,4038498.112,37.148
206土石分界418,,494657.420,4038498.582,36.968
206土石分界419,,494654.890,4038498.639,36.210
206土石分界420,,494652.974,4038498.098,36.027
206土石分界421,,494648.364,4038498.307,35.603
206土石分界422,,494645.699,4038498.597,36.081
206土石分界423,,494643.665,4038498.706,36.723
206土石分界424,,494642.024,4038498.500,36.515
206土石分界425,,494639.569,4038497.515,36.373
206土石分界426,,494637.312,4038497.722,36.740
206土石分界427,,494635.073,4038497.936,36.877
206土石分界428,,494632.468,4038497.866,36.966
206土石分界429,,494630.841,4038497.869,37.035
206土石分界430,,494628.466,4038497.375,37.055
206土石分界431,,494626.432,4038497.532,36.744
206土石分界432,,494624.815,4038497.596,36.875
206土石分界433,,494622.652,4038498.043,36.704
206土石分界434,,494621.176,4038500.181,37.001
206土石分界435,,494622.312,4038501.299,37.273
206土石分界436,,494624.547,4038501.412,37.368
206土石分界437,,494626.864,4038501.275,37.091
206土石分界438,,494628.716,4038501.125,37.208
206土石分界439,,494631.423,4038501.522,37.205
206土石分界440,,494633.666,4038501.633,37.448
206土石分界441,,494636.173,4038501.531,37.290
206土石分界442,,494638.462,4038501.047,37.379
206土石分界443,,494641.469,4038502.027,37.212
206土石分界444,,494643.626,4038501.267,36.602
206土石分界445,,494645.752,4038501.092,36.335
206土石分界446,,494647.955,4038500.673,36.111
206土石分界447,,494649.963,4038499.650,35.707
206土石分界448,,494651.562,4038499.360,36.052
206土石分界449,,494654.261,4038498.842,36.418
206土石分界450,,494656.908,4038498.606,36.782
206土石分界451,,494658.627,4038498.546,37.019
206土石分界452,,494661.085,4038498.089,37.338
206土石分界453,,494663.947,4038498.274,37.335
206土石分界454,,494666.756,4038497.941,37.563
206土石分界455,,494668.138,4038497.904,37.746
206土石分界456,,494670.355,4038498.124,37.763
206土石分界457,,494672.611,4038498.833,37.759
206土石分界458,,494671.332,4038501.953,38.030
206土石分界459,,494669.967,4038502.654,37.793
206土石分界460,,494663.826,4038502.755,37.451
206土石分界461,,494662.818,4038502.707,37.420
206土石分界462,,494660.706,4038503.091,37.071
206土石分界463,,494659.483,4038503.123,37.181
206土石分界464,,494655.952,4038503.024,36.525
206土石分界465,,494653.029,4038504.638,36.122
206土石分界466,,494650.107,4038505.036,35.978
206土石分界467,,494648.546,4038504.632,36.336
206土石分界468,,494646.186,4038504.453,36.755
206土石分界469,,494644.742,4038504.470,36.797
206土石分界470,,494642.139,4038505.082,37.415
206土石分界471,,494640.045,4038505.026,37.847
206土石分界472,,494637.974,4038504.706,37.861
206土石分界473,,494635.829,4038504.357,37.755
206土石分界474,,494634.061,4038504.310,37.682
206土石分界475,,494631.581,4038504.420,37.549
206土石分界476,,494629.871,4038504.439,37.562
206土石分界477,,494626.341,4038504.647,37.962
206土石分界478,,494624.257,4038505.116,38.088
206土石分界479,,494623.022,4038506.699,37.729
206土石分界480,,494623.269,4038509.652,37.730
206土石分界481,,494625.256,4038512.132,38.261
206土石分界482,,494626.192,4038512.078,38.268
206土石分界483,,494627.612,4038512.448,38.604
206土石分界484,,494630.072,4038513.196,38.599
206土石分界485,,494633.135,4038513.287,38.124
206土石分界486,,494635.555,4038513.335,38.116
206土石分界487,,494637.309,4038513.211,38.359
206土石分界488,,494640.924,4038513.106,37.998
206土石分界489,,494644.327,4038512.655,38.028
206土石分界490,,494645.863,4038513.337,37.797
206土石分界491,,494650.822,4038513.908,37.771
206土石分界492,,494653.997,4038514.187,37.434
206土石分界493,,494655.779,4038514.331,37.384
206土石分界494,,494658.213,4038514.896,37.422
206土石分界495,,494661.160,4038514.941,37.328
206土石分界496,,494663.320,4038514.198,37.598
206土石分界497,,494665.406,4038513.411,37.707
206土石分界498,,494667.612,4038513.253,38.297
206土石分界499,,494669.768,4038513.215,38.548
206土石分界500,,494671.602,4038516.037,38.769
206土石分界501,,494669.910,4038517.154,38.556
206土石分界502,,494668.031,4038517.679,38.222
206土石分界503,,494665.812,4038518.633,37.621
206土石分界504,,494664.630,4038519.140,37.676
206土石分界505,,494661.564,4038518.799,37.498
206土石分界506,,494658.453,4038518.678,38.141
206土石分界507,,494656.085,4038518.864,38.299
206土石分界508,,494653.099,4038518.954,38.237
206土石分界509,,494651.320,4038518.987,38.473
206土石分界510,,494648.427,4038519.528,38.256
206土石分界511,,494645.709,4038520.009,38.430
206土石分界512,,494643.570,4038520.419,38.655
206土石分界513,,494640.492,4038520.410,38.645
206土石分界514,,494637.754,4038520.026,38.918
206土石分界515,,494635.392,4038519.682,38.898
206土石分界516,,494633.407,4038519.461,38.957
206土石分界517,,494630.876,4038518.963,38.853
206土石分界518,,494628.527,4038518.686,38.464
206土石分界519,,494626.741,4038519.206,38.597
206土石分界520,,494624.167,4038520.098,38.221
206土石分界521,,494622.755,4038520.681,38.224
206土石分界522,,494622.256,4038522.852,38.055
206土石分界523,,494624.618,4038524.498,38.496
206土石分界524,,494626.883,4038525.002,38.792
206土石分界525,,494629.654,4038526.282,38.481
206土石分界526,,494631.959,4038526.576,38.604
206土石分界527,,494634.718,4038526.074,38.895
206土石分界528,,494636.284,4038525.770,39.046
206土石分界529,,494637.591,4038526.070,39.190
206土石分界530,,494640.064,4038526.301,38.981
206土石分界531,,494642.524,4038527.140,38.887
206土石分界532,,494644.393,4038527.105,39.473
206土石分界533,,494645.643,4038527.029,39.604
206土石分界534,,494649.145,4038526.723,39.314
206土石分界535,,494651.758,4038526.158,38.875
206土石分界536,,494654.329,4038525.696,38.873
206土石分界537,,494655.728,4038525.239,39.102
206土石分界538,,494658.291,4038525.202,38.728
206土石分界539,,494660.234,4038525.124,38.945
206土石分界540,,494662.283,4038526.561,38.516
206土石分界541,,494660.329,4038529.332,38.967
206土石分界542,,494658.932,4038529.952,39.383
206土石分界543,,494656.782,4038531.248,39.382
206土石分界544,,494654.950,4038532.069,39.396
206土石分界545,,494651.225,4038532.708,39.469
206土石分界546,,494649.049,4038533.235,39.218
206土石分界547,,494648.136,4038532.924,39.337
206土石分界548,,494645.807,4038533.221,39.124
206土石分界549,,494643.825,4038533.540,39.518
206土石分界550,,494641.394,4038533.108,38.987
206土石分界551,,494639.418,4038533.230,39.125
206土石分界552,,494637.896,4038533.207,39.030
206土石分界553,,494636.367,4038532.917,38.803
206土石分界554,,494633.855,4038532.692,38.454
206土石分界555,,494631.599,4038532.911,38.873
206土石分界556,,494629.862,4038533.379,39.563
206土石分界557,,494626.706,4038533.202,39.384
206土石分界558,,494625.844,4038533.758,39.558
206土石分界559,,494625.452,4038535.593,39.563
206土石分界560,,494626.338,4038536.599,39.612
206土石分界561,,494629.027,4038537.305,39.871
206土石分界562,,494630.690,4038537.739,40.033
206土石分界563,,494633.976,4038537.807,39.535
206土石分界564,,494635.787,4038537.958,39.442
206土石分界565,,494638.683,4038537.973,39.392
206土石分界566,,494641.519,4038538.874,39.192
206土石分界567,,494644.148,4038539.429,39.463
206土石分界568,,494645.651,4038539.414,39.593
206土石分界569,,494650.126,4038539.423,39.483
206土石分界570,,494652.849,4038539.605,40.026
206土石分界571,,494654.964,4038539.330,40.128
206土石分界572,,494656.558,4038538.911,40.232
206土石分界573,,494658.841,4038538.010,40.098
206土石分界574,,494660.536,4038537.751,40.156
206土石分界575,,494663.910,4038539.349,40.078
206土石分界576,,494664.656,4038539.746,40.261
206土石分界577,,494666.877,4038540.994,39.998
206土石分界578,,494667.605,4038542.996,40.260
206土石分界579,,494665.615,4038544.510,40.672
206土石分界580,,494664.120,4038545.893,40.746
206土石分界581,,494661.148,4038545.153,40.505
206土石分界582,,494659.779,4038544.620,40.598
206土石分界583,,494656.977,4038544.446,40.359
206土石分界584,,494616.850,4038481.373,34.453
206土石分界585,,494616.809,4038482.477,34.577
206土石分界586,,494617.925,4038490.760,34.869
206土石分界587,,494617.769,4038492.110,35.085
206土石分界588,,494617.401,4038495.088,35.224
206土石分界589,,494617.409,4038498.026,34.987
206土石分界590,,494617.267,4038499.799,35.197
206土石分界591,,494617.081,4038501.746,34.891
206土石分界592,,494617.037,4038504.917,35.354
206土石分界593,,494616.888,4038507.935,35.233
206土石分界594,,494616.630,4038509.871,35.441
206土石分界595,,494616.166,4038511.694,35.499
206土石分界596,,494615.796,4038513.734,35.555
206土石分界597,,494615.684,4038516.564,35.908
206土石分界598,,494616.002,4038518.501,35.961
206土石分界599,,494616.734,4038520.369,36.068
206土石分界600,,494617.754,4038521.929,36.205
206土石分界601,,494618.269,4038524.214,36.696
206土石分界602,,494618.379,4038526.100,36.967
206土石分界603,,494618.169,4038528.084,37.071
206土石分界604,,494617.856,4038529.996,37.408
206土石分界605,,494616.609,4038532.276,37.550
206土石分界606,,494615.374,4038535.761,37.661
206土石分界607,,494613.163,4038537.066,37.813
206土石分界608,,494611.870,4038536.566,37.721
206土石分界609,,494611.211,4038535.910,37.628
206土石分界610,,494609.947,4038533.938,37.604
206土石分界611,,494608.198,4038533.115,37.641
206土石分界612,,494605.576,4038535.574,37.627
206土石分界613,,494604.918,4038536.569,38.771
206土石分界614,,494603.720,4038536.231,39.068
206土石分界615,,494602.562,4038534.423,39.132
206土石分界616,,494601.858,4038532.930,39.228
206土石分界617,,494600.628,4038531.179,39.295
206土石分界618,,494598.246,4038529.529,39.360
206土石分界619,,494597.376,4038529.674,40.217
206土石分界620,,494595.604,4038529.542,40.266
206土石分界621,,494593.660,4038529.325,40.265
206土石分界622,,494591.198,4038529.874,40.395
206土石分界623,,494588.455,4038529.597,40.391
206土石分界624,,494585.853,4038528.856,40.828
206土石分界625,,494583.451,4038528.235,40.789
206土石分界626,,494581.913,4038527.855,40.967
206土石分界627,,494579.302,4038527.675,41.412
206土石分界628,,494577.312,4038526.599,41.182
206土石分界629,,494576.383,4038525.023,41.049
206土石分界630,,494576.556,4038522.622,41.049
206土石分界631,,494575.776,4038520.839,41.095
206土石分界632,,494574.653,4038518.768,41.215
206土石分界633,,494574.294,4038515.830,40.778
206土石分界634,,494574.394,4038513.767,40.494
206土石分界635,,494574.455,4038511.992,40.437
206土石分界636,,494574.334,4038510.180,40.435
206土石分界637,,494574.439,4038507.943,40.068
206土石分界638,,494574.598,4038505.212,39.821
206土石分界639,,494574.393,4038503.195,39.703
206土石分界640,,494574.324,4038501.055,39.156
206土石分界641,,494573.710,4038499.077,38.777
206土石分界642,,494573.771,4038497.508,38.405
206土石分界643,,494574.098,4038494.473,38.175
206土石分界644,,494574.295,4038492.299,38.152
206土石分界645,,494574.798,4038490.117,38.089
206土石分界646,,494575.052,4038488.088,37.831
206土石分界647,,494575.183,4038485.035,37.751
206土石分界648,,494575.496,4038482.989,37.584
206土石分界649,,494576.399,4038479.796,37.127
206土石分界650,,494576.739,4038477.649,37.114
206土石分界651,,494577.267,4038475.645,36.849
206土石分界652,,494577.772,4038471.457,36.515
206土石分界653,,494578.635,4038468.947,36.233
206土石分界654,,494578.921,4038466.422,35.722
206土石分界655,,494579.902,4038464.846,35.463
206土石分界656,,494580.637,4038462.976,35.312
206土石分界657,,494581.262,4038460.930,34.985
206土石分界658,,494582.169,4038458.890,34.824
206土石分界659,,494583.808,4038457.649,34.792
206土石分界660,,494585.341,4038459.516,35.266
206土石分界661,,494586.216,4038461.842,35.246
206土石分界662,,494587.096,4038464.552,34.902
206土石分界663,,494587.508,4038466.629,35.122
206土石分界664,,494588.164,4038469.382,35.289
206土石分界665,,494588.252,4038471.378,34.912
206土石分界666,,494588.844,4038473.146,35.559
206土石分界667,,494589.022,4038474.681,35.565
206土石分界668,,494589.521,4038477.231,35.754
206土石分界669,,494589.749,4038479.818,35.987
206土石分界670,,494590.364,4038483.007,36.242
206土石分界671,,494591.326,4038484.281,36.310
206土石分界672,,494592.242,4038486.876,36.589
206土石分界673,,494594.102,4038489.593,36.736
206土石分界674,,494594.947,4038492.484,36.769
206土石分界675,,494595.354,4038494.307,37.160
206土石分界676,,494596.066,4038498.600,37.250
206土石分界677,,494596.313,4038500.249,37.694
206土石分界678,,494597.482,4038503.926,37.771
206土石分界679,,494599.074,4038506.440,38.081
206土石分界680,,494601.118,4038508.203,38.083
206土石分界681,,494602.093,4038510.271,38.456
206土石分界682,,494602.869,4038512.037,38.636
206土石分界683,,494602.619,4038513.546,38.824
206土石分界684,,494601.623,4038517.692,38.785
206土石分界685,,494600.613,4038518.277,38.773
206土石分界686,,494599.428,4038519.284,38.845
206土石分界687,,494596.704,4038520.267,39.360
206土石分界688,,494594.346,4038520.622,39.697
206土石分界689,,494592.454,4038520.390,40.164
206土石分界690,,494590.041,4038519.798,40.237
206土石分界691,,494588.355,4038518.923,39.988
206土石分界692,,494585.791,4038517.784,40.343
206土石分界693,,494583.151,4038516.722,40.070
206土石分界694,,494580.407,4038515.345,40.366
206土石分界695,,494576.647,4038515.684,40.759
206土石分界696,,494574.692,4038516.993,41.106
206土石分界697,,494574.075,4038517.770,40.961
206土石分界698,,494573.623,4038518.586,41.008
206土石分界699,,494573.176,4038519.516,41.238
206土石分界700,,494572.921,4038519.423,41.299
206土石分界701,,494572.082,4038519.805,41.411
206土石分界702,,494569.382,4038520.752,41.195
206土石分界703,,494567.805,4038519.797,41.292
206土石分界704,,494565.616,4038518.684,41.322
206土石分界705,,494564.152,4038519.033,41.641
206土石分界706,,494561.647,4038519.503,41.484
206土石分界707,,494560.339,4038519.568,41.879
206土石分界708,,494557.243,4038519.463,41.699
206土石分界709,,494555.430,4038520.323,42.048
206土石分界710,,494552.455,4038520.633,42.292
206土石分界711,,494551.741,4038521.204,42.499
206土石分界712,,494549.851,4038521.713,42.729
206土石分界713,,494548.063,4038521.348,42.429
206土石分界714,,494546.380,4038520.495,41.888
206土石分界715,,494544.134,4038520.298,41.907
206土石分界716,,494542.299,4038519.790,41.901
206土石分界717,,494540.355,4038518.111,41.626
206土石分界718,,494538.969,4038515.946,41.476
206土石分界719,,494538.102,4038514.284,41.359
206土石分界720,,494537.933,4038513.450,41.340
206土石分界721,,494538.552,4038511.430,41.432
206土石分界722,,494540.806,4038510.499,41.256
206土石分界723,,494542.374,4038510.149,41.276
206土石分界724,,494544.991,4038509.374,40.999
206土石分界725,,494546.552,4038508.961,41.030
206土石分界726,,494548.415,4038508.813,41.159
206土石分界727,,494552.088,4038508.497,41.078
206土石分界728,,494553.662,4038508.281,41.018
206土石分界729,,494555.929,4038507.966,40.930
206土石分界730,,494558.180,4038508.129,40.956
206土石分界731,,494560.720,4038508.197,40.668
206土石分界732,,494562.496,4038508.333,40.755
206土石分界733,,494566.471,4038504.030,40.226
206土石分界734,,494565.548,4038503.426,40.179
206土石分界735,,494564.001,4038502.734,40.248
206土石分界736,,494561.757,4038501.523,40.250
206土石分界737,,494560.036,4038500.902,40.375
206土石分界738,,494557.228,4038500.310,40.337
206土石分界739,,494554.582,4038499.203,40.189
206土石分界740,,494552.791,4038498.735,40.322
206土石分界741,,494550.249,4038497.997,40.504
206土石分界742,,494547.682,4038497.509,40.734
206土石分界743,,494545.182,4038498.607,40.641
206土石分界744,,494542.701,4038498.573,40.661
206土石分界745,,494540.441,4038498.594,40.734
206土石分界746,,494538.663,4038495.012,39.977
206土石分界747,,494540.562,4038493.609,39.472
206土石分界748,,494542.187,4038493.253,39.528
206土石分界749,,494543.684,4038492.853,39.696
206土石分界750,,494546.509,4038492.929,39.399
206土石分界751,,494548.854,4038493.360,39.151
206土石分界752,,494550.387,4038493.233,39.124
206土石分界753,,494551.929,4038493.254,39.098
206土石分界754,,494554.592,4038493.253,38.894
206土石分界755,,494556.182,4038493.101,38.915
206土石分界756,,494558.536,4038493.157,38.817
206土石分界757,,494561.022,4038493.033,38.802
206土石分界758,,494563.456,4038493.122,38.545
206土石分界759,,494565.792,4038493.057,38.422
206土石分界760,,494568.356,4038493.494,38.415
206土石分界761,,494569.507,4038493.317,38.581
206土石分界762,,494571.673,4038489.541,38.206
206土石分界763,,494571.017,4038487.491,38.215
206土石分界764,,494567.659,4038485.716,38.165
206土石分界765,,494565.512,4038485.136,37.969
206土石分界766,,494563.991,4038484.693,38.127
206土石分界767,,494561.395,4038483.657,38.027
206土石分界768,,494559.876,4038482.943,38.258
206土石分界769,,494557.361,4038482.091,38.541
206土石分界770,,494555.396,4038481.264,38.699
206土石分界771,,494553.152,4038480.200,38.475
206土石分界772,,494551.851,4038479.229,38.602
206土石分界773,,494550.551,4038478.003,38.381
206土石分界774,,494548.856,4038476.496,38.553
206土石分界775,,494550.822,4038472.449,38.554
206土石分界776,,494553.780,4038472.376,38.093
206土石分界776,,494553.780,4038472.376,38.093
206土石分界777,,494556.122,4038472.249,37.929
206土石分界778,,494557.250,4038472.073,38.119
206土石分界779,,494559.475,4038472.079,37.550
206土石分界780,,494561.197,4038472.395,37.371
206土石分界781,,494563.252,4038472.102,37.158
206土石分界782,,494565.563,4038472.157,36.975
206土石分界783,,494567.242,4038472.679,37.031
206土石分界784,,494568.974,4038472.768,37.179
206土石分界785,,494569.493,4038472.755,37.540
206土石分界786,,494570.798,4038473.138,37.115
206土石分界787,,494573.580,4038473.298,37.077
206土石分界788,,494575.739,4038471.497,36.554
206土石分界789,,494576.281,4038468.877,36.331
206土石分界790,,494576.653,4038467.195,36.178
206土石分界791,,494577.048,4038465.632,35.898
206土石分界792,,494577.336,4038464.852,35.932
206土石分界793,,494577.908,4038463.428,35.507
206土石分界794,,494578.617,4038461.630,34.925
206土石分界795,,494579.576,4038459.852,34.698
206土石分界796,,494580.821,4038456.991,34.483
206土石分界797,,494581.455,4038455.045,34.518
206土石分界798,,494582.395,4038453.214,34.452
206土石分界799,,494583.101,4038451.309,34.106
206土石分界800,,494583.200,4038448.449,34.114
206土石分界801,,494583.211,4038446.473,34.075
206土石分界802,,494583.395,4038444.470,33.739
206土石分界803,,494583.186,4038441.591,33.506
206土石分界804,,494581.937,4038440.287,33.466
206土石分界805,,494580.235,4038439.556,33.106
206土石分界806,,494577.295,4038438.827,33.020
206土石分界807,,494575.315,4038438.812,33.047
206土石分界808,,494573.431,4038440.660,32.979
206土石分界809,,494573.074,4038442.503,33.285
206土石分界810,,494572.358,4038445.451,33.595
206土石分界811,,494571.650,4038448.037,34.026
206土石分界812,,494571.111,4038449.799,34.166
206土石分界813,,494570.403,4038452.510,34.207
206土石分界814,,494569.606,4038454.933,34.775
206土石分界815,,494569.046,4038456.670,35.362
206土石分界816,,494567.342,4038458.721,35.626
206土石分界817,,494566.563,4038461.211,36.071
206土石分界818,,494566.540,4038463.749,36.270
206土石分界819,,494564.448,4038464.404,36.124
206土石分界820,,494564.137,4038463.807,35.998
206土石分界821,,494563.275,4038463.292,36.275
206土石分界822,,494562.006,4038462.188,36.327
206土石分界823,,494559.856,4038461.074,36.300
206土石分界824,,494557.670,4038459.537,36.330
206土石分界825,,494556.350,4038458.756,36.043
206土石分界826,,494557.194,4038456.730,35.770
206土石分界827,,494558.711,4038454.302,35.787
206土石分界828,,494557.025,4038452.482,35.633
206土石分界829,,494559.648,4038450.585,35.218
206土石分界830,,494558.522,4038448.431,35.392
206土石分界831,,494558.617,4038445.338,34.793
206土石分界832,,494558.805,4038441.969,34.784
206土石分界833,,494560.380,4038436.980,34.566
206土石分界834,,494561.014,4038436.808,34.226
206土石分界835,,494563.461,4038437.148,34.326
206土石分界836,,494565.588,4038438.094,34.137
206土石分界837,,494565.863,4038439.164,34.268
206土石分界838,,494565.667,4038441.840,34.329
206土石分界839,,494566.796,4038444.022,34.212
206土石分界840,,494584.600,4038444.666,33.898
206土石分界841,,494586.457,4038444.273,33.925
206土石分界842,,494588.496,4038444.891,34.105
206土石分界843,,494590.450,4038446.168,34.089
206土石分界844,,494593.258,4038447.867,34.334
206土石分界845,,494595.372,4038447.993,34.411
206土石分界846,,494599.240,4038448.261,34.513
206土石分界847,,494602.545,4038448.606,34.623
206土石分界848,,494605.812,4038449.059,34.799
206土石分界849,,494610.120,4038450.059,34.902
206土石分界850,,494612.918,4038451.139,34.717
206土石分界851,,494614.039,4038451.707,34.612
206土石分界852,,494616.705,4038452.340,34.501
206土石分界853,,494619.142,4038452.613,34.680
206土石分界854,,494698.672,4038480.994,35.302
206土石分界855,,494698.508,4038483.415,35.699
206土石分界856,,494698.271,4038484.723,35.602
206土石分界857,,494698.680,4038487.115,35.557
206土石分界858,,494698.562,4038489.820,35.776
206土石分界859,,494698.749,4038491.255,36.263
206土石分界860,,494698.656,4038493.626,36.592
206土石分界861,,494698.586,4038495.537,36.806
206土石分界862,,494698.503,4038498.023,37.486
206土石分界863,,494699.101,4038502.519,38.021
206土石分界864,,494698.816,4038505.176,38.472
206土石分界865,,494698.719,4038508.348,38.948
206土石分界866,,494698.197,4038509.619,39.179
206土石分界867,,494697.468,4038511.085,39.082
206土石分界868,,494697.197,4038513.428,38.608
206土石分界869,,494697.428,4038514.638,38.597
206土石分界869,,494697.428,4038514.638,38.597
206土石分界870,,494696.770,4038517.061,38.404
206土石分界871,,494696.726,4038518.790,38.748
206土石分界872,,494696.066,4038520.884,38.784
206土石分界873,,494694.319,4038522.440,39.645
206土石分界874,,494693.898,4038524.738,39.916
206土石分界875,,494694.675,4038527.534,40.182
206土石分界876,,494695.238,4038529.123,39.983
206土石分界877,,494695.131,4038531.040,40.219
206土石分界878,,494695.399,4038533.580,40.234
206土石分界879,,494694.717,4038535.514,40.605
206土石分界880,,494534.456,4038518.304,41.752
206土石分界881,,494534.406,4038518.491,41.794
206土石分界882,,494533.769,4038520.360,41.882
206土石分界883,,494532.936,4038522.711,41.806
206土石分界884,,494532.456,4038524.232,41.937
206土石分界885,,494532.044,4038528.295,41.556
206土石分界886,,494531.982,4038531.247,41.684
206土石分界887,,494531.760,4038533.163,41.688
206土石分界888,,494531.872,4038535.775,41.681
206土石分界889,,494531.773,4038538.292,41.742
206土石分界890,,494531.859,4038540.844,41.698
206土石分界891,,494531.338,4038542.826,41.445
206土石分界892,,494531.084,4038545.142,41.633
206土石分界893,,494530.538,4038547.924,41.396
206土石分界894,,494529.541,4038551.862,41.596
206土石分界895,,494529.385,4038554.421,41.692
206土石分界896,,494529.000,4038556.318,42.008
206土石分界897,,494529.269,4038556.963,41.974
206土石分界898,,494531.358,4038558.139,42.016
206土石分界899,,494532.912,4038557.342,42.108
206土石分界900,,494533.722,4038555.912,41.927
206土石分界901,,494534.854,4038553.598,41.994
206土石分界902,,494536.176,4038551.653,41.797
206土石分界903,,494537.004,4038549.968,41.952
206土石分界904,,494537.998,4038547.606,42.048
206土石分界905,,494538.820,4038545.317,42.192
206土石分界906,,494539.105,4038544.512,42.323
206土石分界907,,494540.061,4038541.393,42.466
206土石分界908,,494540.755,4038539.379,42.618
206土石分界909,,494542.291,4038537.645,42.870
206土石分界910,,494543.759,4038535.248,42.477
206土石分界911,,494544.023,4038534.820,42.531
206土石分界912,,494545.667,4038534.125,42.337
206土石分界913,,494547.557,4038536.031,42.348
206土石分界914,,494547.590,4038538.662,42.633
206土石分界915,,494547.733,4038540.896,42.784
206土石分界916,,494547.943,4038543.323,42.746
206土石分界917,,494547.917,4038546.225,42.914
206土石分界918,,494547.760,4038548.550,42.937
206土石分界919,,494547.512,4038551.066,43.006
206土石分界920,,494547.339,4038553.686,43.135
206土石分界921,,494547.099,4038556.612,43.129
206土石分界922,,494546.743,4038559.193,43.374
206土石分界923,,494546.145,4038562.676,43.196
206土石分界924,,494545.706,4038565.181,43.177
206土石分界925,,494547.720,4038566.862,43.366
206土石分界926,,494549.861,4038566.273,43.496
206土石分界927,,494551.275,4038563.764,43.812
206土石分界928,,494552.169,4038561.041,43.857
206土石分界929,,494552.578,4038558.166,43.774
206土石分界930,,494552.281,4038555.987,43.595
206土石分界931,,494552.465,4038553.982,43.442
206土石分界932,,494552.967,4038551.795,43.390
206土石分界933,,494553.116,4038550.462,43.213
206土石分界934,,494553.710,4038548.450,42.855
206土石分界935,,494554.878,4038546.068,42.661
206土石分界936,,494555.954,4038543.952,42.487
206土石分界937,,494556.919,4038541.426,42.514
206土石分界938,,494557.314,4038539.906,42.662
206土石分界939,,494558.705,4038537.684,42.574
206土石分界940,,494559.661,4038535.395,42.586
206土石分界941,,494560.168,4038534.466,42.593
206土石分界942,,494561.719,4038533.943,42.420
206土石分界943,,494563.637,4038534.291,42.343
206土石分界944,,494565.028,4038536.506,42.383
206土石分界945,,494566.048,4038538.494,42.391
206土石分界946,,494566.296,4038540.834,42.474
206土石分界947,,494566.273,4038543.157,42.647
206土石分界948,,494566.243,4038544.696,42.635
206土石分界949,,494565.642,4038547.950,42.961
206土石分界950,,494565.331,4038549.778,43.242
206土石分界951,,494564.874,4038552.280,43.622
206土石分界952,,494563.958,4038555.500,43.873
206土石分界953,,494563.253,4038557.622,44.322
206土石分界954,,494563.481,4038560.046,44.390
206土石分界955,,494563.429,4038562.588,44.524
206土石分界956,,494563.533,4038564.130,44.515
206土石分界957,,494563.319,4038566.651,44.295
206土石分界958,,494563.301,4038568.479,44.425
206土石分界959,,494563.716,4038570.880,44.387
206土石分界960,,494566.385,4038570.238,44.371
206土石分界961,,494567.643,4038568.197,44.481
206土石分界962,,494568.481,4038566.797,44.421
206土石分界963,,494571.166,4038565.057,44.629
206土石分界964,,494572.253,4038564.118,44.596
206土石分界965,,494573.040,4038561.849,44.309
206土石分界966,,494573.043,4038561.478,44.251
206土石分界967,,494574.175,4038559.916,43.958
206土石分界968,,494575.693,4038558.602,43.641
206土石分界969,,494576.018,4038556.470,43.509
206土石分界970,,494576.843,4038554.406,43.277
206土石分界971,,494577.774,4038552.135,43.040
206土石分界972,,494577.939,4038549.552,42.583
206土石分界973,,494578.250,4038546.971,42.730
206土石分界974,,494579.566,4038544.962,42.237
206土石分界975,,494580.403,4038542.740,41.816
206土石分界976,,494581.344,4038541.192,41.845
206土石分界977,,494583.050,4038541.959,42.212
206土石分界978,,494585.758,4038543.106,42.385
206土石分界979,,494586.141,4038544.414,42.485
206土石分界980,,494586.168,4038547.421,42.738
206土石分界981,,494586.174,4038548.185,42.584
206土石分界982,,494586.274,4038549.801,42.703
206土石分界983,,494586.250,4038553.184,42.929
206土石分界984,,494586.474,4038555.299,43.411
206土石分界985,,494586.270,4038557.355,43.480
206土石分界986,,494585.068,4038560.029,43.357
206土石分界987,,494584.406,4038562.575,43.573
206土石分界988,,494584.199,4038565.188,43.840
206土石分界989,,494584.051,4038566.606,44.047
206土石分界990,,494583.241,4038569.813,44.488
206土石分界991,,494583.232,4038571.765,44.612
206土石分界992,,494583.146,4038573.221,44.772
206土石分界993,,494583.860,4038576.228,44.457
206土石分界994,,494585.355,4038577.710,44.644
206土石分界995,,494587.375,4038577.738,44.434
206土石分界996,,494588.534,4038574.983,44.425
206土石分界997,,494589.549,4038572.889,44.013
206土石分界998,,494589.976,4038571.449,43.971
206土石分界999,,494591.075,4038568.664,43.304
206土石分界1000,,494592.245,4038566.873,43.154
206土石分界1001,,494592.682,4038566.298,43.176
206土石分界1002,,494592.981,4038564.591,43.150
206土石分界1003,,494593.330,4038562.342,43.038
206土石分界1004,,494594.588,4038559.461,42.513
206土石分界1005,,494595.288,4038557.793,42.349
206土石分界1006,,494596.003,4038555.221,42.429
206土石分界1007,,494597.098,4038553.033,42.225
206土石分界1008,,494597.988,4038550.744,42.296
206土石分界1009,,494599.860,4038548.870,42.286
206土石分界1010,,494601.088,4038546.807,41.968
206土石分界1011,,494601.531,4038545.425,41.888
206土石分界1012,,494603.022,4038543.661,40.841
206土石分界1013,,494603.206,4038541.798,40.653
206土石分界1014,,494604.022,4038540.774,40.613
206土石分界1015,,494605.161,4038541.279,40.241
206土石分界1016,,494607.427,4038541.472,40.066
206土石分界1017,,494607.589,4038543.428,40.455
206土石分界1018,,494607.648,4038545.366,40.832
206土石分界1019,,494607.230,4038547.394,40.852
206土石分界1020,,494606.952,4038549.328,41.417
206土石分界1021,,494607.408,4038551.838,41.431
206土石分界1022,,494607.536,4038553.393,41.519
206土石分界1023,,494607.454,4038555.754,41.750
206土石分界1024,,494607.840,4038557.904,41.566
206土石分界1025,,494607.428,4038560.446,41.445
206土石分界1026,,494608.874,4038562.548,41.834
206土石分界1027,,494608.872,4038565.011,41.930
206土石分界1028,,494609.454,4038566.700,42.564
206土石分界1029,,494609.383,4038568.763,42.699
206土石分界1030,,494609.889,4038570.150,43.077
206土石分界1031,,494610.093,4038572.315,42.972
206土石分界1032,,494611.086,4038575.149,43.328
206土石分界1033,,494611.928,4038576.103,43.484
206土石分界1034,,494612.417,4038578.040,43.563
206土石分界1035,,494612.066,4038580.949,44.008
206土石分界1036,,494613.058,4038583.187,44.059
206土石分界1037,,494613.899,4038583.412,44.173
206土石分界1038,,494611.321,4038557.384,40.390
206土石分界1039,,494611.889,4038554.846,40.139
206土石分界1040,,494612.581,4038552.417,40.064
206土石分界1041,,494612.387,4038550.022,39.703
206土石分界1042,,494612.047,4038547.613,39.431
206土石分界1043,,494611.887,4038545.146,39.309
206土石分界1044,,494612.051,4038542.428,38.980
206土石分界1045,,494612.413,4038540.009,38.678
206土石分界1046,,494614.027,4038539.367,38.794
206土石分界1047,,494615.808,4038539.087,38.987
206土石分界1048,,494618.714,4038539.846,38.712
206土石分界1049,,494620.411,4038540.817,38.878
206土石分界1050,,494622.249,4038541.433,39.147
206土石分界1051,,494622.641,4038543.333,39.286
206土石分界1052,,494622.274,4038544.855,38.940
206土石分界1053,,494622.283,4038545.618,39.258
206土石分界1054,,494622.768,4038548.404,39.134
206土石分界1055,,494623.953,4038550.274,39.350
206土石分界1056,,494624.675,4038552.679,39.498
206土石分界1057,,494625.030,4038554.518,39.533
206土石分界1058,,494624.555,4038557.422,39.499
206土石分界1059,,494623.702,4038559.357,39.734
206土石分界1060,,494622.642,4038561.997,40.030
206土石分界1061,,494623.099,4038564.415,40.474
206土石分界1062,,494625.214,4038566.310,40.668
206土石分界1063,,494627.641,4038567.002,40.908
206土石分界1064,,494629.333,4038569.010,40.862
206土石分界1065,,494628.983,4038571.671,40.864
206土石分界1066,,494629.306,4038574.248,40.910
206土石分界1067,,494629.894,4038576.294,41.263
206土石分界1068,,494630.311,4038579.308,41.258
206土石分界1069,,494631.010,4038580.963,41.603
206土石分界1070,,494631.396,4038583.459,41.465
206土石分界1071,,494631.028,4038584.388,41.595
206土石分界1072,,494630.537,4038584.727,41.437
206土石分界1073,,494629.856,4038584.369,41.587
206土石分界1074,,494627.537,4038583.528,41.611
206土石分界1075,,494625.420,4038582.774,41.440
206土石分界1076,,494623.420,4038582.044,41.238
206土石分界1077,,494622.075,4038580.672,40.903
206土石分界1078,,494621.321,4038579.498,40.874
206土石分界1079,,494620.038,4038577.663,40.558
206土石分界1080,,494620.148,4038575.717,40.333
206土石分界1081,,494620.617,4038573.487,40.348
206土石分界1082,,494622.690,4038570.896,40.149
206土石分界1083,,494624.984,4038570.286,40.400
206土石分界1084,,494627.261,4038568.742,40.622
206土石分界1085,,494629.097,4038567.834,40.660
206土石分界1086,,494630.720,4038566.934,41.125
206土石分界1087,,494633.620,4038567.929,41.515
206土石分界1088,,494634.169,4038568.155,41.562
206土石分界1089,,494635.949,4038567.945,42.230
206土石分界1090,,494636.827,4038565.799,42.279
206土石分界1091,,494635.737,4038563.497,42.239
206土石分界1092,,494634.818,4038561.194,42.117
206土石分界1093,,494633.716,4038558.689,41.893
206土石分界1094,,494632.866,4038556.011,41.595
206土石分界1095,,494633.246,4038553.816,41.444
206土石分界1096,,494633.063,4038551.166,41.538
206土石分界1097,,494634.457,4038549.049,41.313
206土石分界1098,,494635.138,4038548.790,41.364
206土石分界1099,,494637.023,4038547.983,41.513
206土石分界1100,,494638.662,4038548.041,41.325
206土石分界1101,,494640.645,4038549.811,41.616
206土石分界1102,,494641.702,4038551.800,41.798
206土石分界1103,,494641.508,4038554.283,41.888
206土石分界1104,,494640.772,4038556.080,42.225
206土石分界1105,,494640.428,4038558.425,41.932
206土石分界1106,,494641.189,4038559.983,42.072
206土石分界1107,,494641.556,4038563.239,42.159
206土石分界1108,,494641.255,4038566.185,42.323
206土石分界1109,,494640.779,4038568.500,42.605
206土石分界1110,,494641.240,4038570.766,42.906
206土石分界1111,,494641.547,4038573.015,42.878
206土石分界1112,,494641.356,4038575.607,43.080
206土石分界1113,,494641.091,4038578.463,43.177
206土石分界1114,,494641.087,4038580.222,43.246
206土石分界1115,,494640.889,4038582.910,43.381
206土石分界1116,,494640.948,4038585.734,43.647
206土石分界1117,,494641.615,4038587.656,44.070
206土石分界1118,,494643.499,4038588.405,44.033
206土石分界1119,,494645.344,4038588.801,44.226
206土石分界1120,,494647.424,4038589.401,44.181
206土石分界1121,,494648.370,4038588.215,44.036
206土石分界1122,,494649.083,4038586.234,43.598
206土石分界1123,,494649.444,4038585.436,43.520
206土石分界1124,,494650.207,4038583.641,43.386
206土石分界1125,,494650.707,4038582.028,43.264
206土石分界1126,,494651.628,4038579.258,43.295
206土石分界1127,,494652.406,4038576.946,43.260
206土石分界1128,,494652.792,4038575.201,43.074
206土石分界1129,,494653.158,4038572.920,43.020
206土石分界1130,,494654.444,4038570.819,42.742
206土石分界1131,,494655.216,4038569.641,42.693
206土石分界1132,,494658.335,4038569.243,42.591
206土石分界1133,,494659.752,4038569.449,42.880
206土石分界1134,,494662.254,4038570.582,43.023
206土石分界1135,,494662.891,4038572.321,43.191
206土石分界1136,,494663.078,4038574.650,43.521
206土石分界1137,,494662.615,4038576.563,43.860
206土石分界1138,,494662.465,4038579.169,43.558
206土石分界1139,,494662.431,4038581.167,43.678
206土石分界1140,,494662.861,4038584.234,43.437
206土石分界1141,,494663.216,4038585.844,43.914
206土石分界1142,,494663.798,4038588.347,44.250
206土石分界1143,,494664.811,4038590.607,44.458
206土石分界1144,,494665.851,4038592.917,44.239
206土石分界1145,,494668.237,4038594.020,44.802
206土石分界1146,,494670.314,4038594.797,44.777
206土石分界1147,,494672.567,4038594.680,44.853
206土石分界1148,,494673.311,4038593.370,44.750
206土石分界1149,,494673.028,4038591.791,44.410
206土石分界1150,,494672.248,4038589.380,44.074
206土石分界1151,,494672.012,4038587.630,43.933
206土石分界1152,,494672.401,4038585.401,43.814
206土石分界1153,,494673.199,4038583.626,43.873
206土石分界1154,,494673.489,4038582.200,43.588
206土石分界1155,,494674.210,4038579.745,43.266
206土石分界1156,,494674.660,4038577.229,43.137
206土石分界1157,,494674.909,4038576.258,43.055
206土石分界1158,,494675.511,4038574.900,43.171
206土石分界1159,,494676.239,4038574.415,43.420
206土石分界1160,,494679.483,4038574.279,43.444
206土石分界1161,,494681.945,4038573.930,43.704
206土石分界1162,,494684.062,4038573.106,43.727
206土石分界1163,,494684.943,4038572.817,43.983
206土石分界1164,,494685.667,4038576.211,44.242
206土石分界1165,,494685.458,4038579.007,44.154
206土石分界1166,,494685.261,4038580.469,44.346
206土石分界1167,,494685.076,4038582.951,44.482
206土石分界1168,,494684.970,4038585.475,44.673
206土石分界1169,,494685.019,4038588.028,44.751
206土石分界1170,,494684.490,4038590.178,44.598
206土石分界1171,,494683.916,4038592.293,44.654
206土石分界1172,,494682.989,4038595.088,44.575
206土石分界1173,,494682.688,4038595.599,44.672
206土石分界1174,,494683.013,4038597.141,45.031
206土石分界1175,,494685.329,4038597.587,44.902
206土石分界1176,,494686.048,4038597.376,44.788
206土石分界1177,,494686.925,4038596.200,45.293
206土石分界1178,,494688.234,4038594.180,45.178
206土石分界1179,,494689.467,4038592.656,44.976
206土石分界1180,,494691.067,4038591.026,44.791
206土石分界1181,,494692.236,4038588.685,44.419
206土石分界1182,,494692.783,4038586.092,44.337
206土石分界1183,,494692.997,4038583.791,44.407
206土石分界1184,,494692.911,4038581.919,44.423
206土石分界1185,,494692.439,4038580.578,44.165
206土石分界1186,,494691.293,4038577.890,44.074
206土石分界1187,,494690.763,4038576.079,43.896
206土石分界1188,,494690.395,4038574.688,43.513
206土石分界1189,,494691.316,4038572.157,43.536
206土石分界1190,,494690.828,4038570.603,43.692
206土石分界1191,,494690.997,4038568.566,43.534
206土石分界1192,,494691.046,4038566.244,43.088
206土石分界1193,,494691.648,4038564.796,43.148
206土石分界1194,,494693.871,4038563.409,42.944
206土石分界1195,,494694.605,4038562.979,42.912
206土石分界1196,,494697.123,4038561.496,43.039
206土石分界1197,,494698.617,4038562.163,43.114
206土石分界1198,,494699.081,4038564.519,43.463
206土石分界1199,,494699.900,4038567.414,43.757
206土石分界1200,,494699.766,4038569.377,43.564
206土石分界1201,,494699.795,4038570.722,44.062
206土石分界1202,,494699.434,4038573.083,44.187
206土石分界1203,,494699.502,4038574.988,44.113
206土石分界1204,,494699.040,4038577.334,44.251
206土石分界1205,,494698.196,4038579.505,44.126
206土石分界1206,,494697.857,4038582.215,44.129
206土石分界1207,,494697.205,4038584.538,44.549
206土石分界1208,,494696.993,4038588.279,44.658
206土石分界1209,,494697.167,4038590.041,44.609
206土石分界1210,,494696.966,4038591.879,45.005
206土石分界1211,,494696.488,4038594.503,45.109
206土石分界1212,,494695.275,4038597.341,45.535
206土石分界1213,,494695.194,4038599.382,46.192
206土石分界1214,,494696.454,4038600.880,46.190
206土石分界1215,,494697.046,4038601.321,46.292
206土石分界1216,,494698.114,4038601.024,46.344
206土石分界1217,,494700.413,4038601.460,46.084
206土石分界1218,,494702.619,4038601.759,46.378
206土石分界1219,,494703.548,4038601.879,46.311
206土石分界1220,,494706.164,4038602.877,47.335
206土石分界1221,,494706.633,4038602.979,47.068
206土石分界1222,,494708.927,4038602.856,47.694
206土石分界1223,,494710.908,4038602.541,48.032
206土石分界1224,,494713.821,4038604.094,47.751
206土石分界1225,,494714.213,4038602.983,47.624
206土石分界1226,,494714.817,4038600.962,48.153
206土石分界1227,,494715.114,4038598.240,47.664
206土石分界1228,,494714.555,4038596.491,47.389
206土石分界1229,,494714.996,4038594.854,47.118
206土石分界1230,,494714.747,4038591.978,46.637
206土石分界1231,,494714.140,4038590.070,46.238
206土石分界1232,,494713.299,4038588.670,45.786
206土石分界1233,,494713.153,4038586.938,45.393
206土石分界1234,,494714.120,4038585.314,46.000
206土石分界1235,,494715.329,4038582.503,45.362
206土石分界1236,,494714.513,4038581.130,45.212
206土石分界1237,,494713.667,4038580.099,44.945
206土石分界1238,,494713.275,4038580.115,44.797
206土石分界1239,,494712.356,4038581.062,44.749
206土石分界1240,,494710.423,4038580.814,44.484
206土石分界1241,,494708.588,4038579.252,43.694
206土石分界1242,,494707.994,4038575.599,43.960
206土石分界1243,,494707.514,4038573.480,43.772
206土石分界1244,,494707.039,4038571.506,43.923
206土石分界1245,,494707.110,4038570.668,43.818
206土石分界1246,,494706.782,4038569.287,43.882
206土石分界1247,,494706.604,4038567.361,44.060
206土石分界1248,,494705.671,4038564.972,43.684
206土石分界1249,,494705.880,4038562.339,43.690
206土石分界1250,,494704.657,4038560.385,43.272
206土石分界1251,,494704.083,4038558.055,43.263
206土石分界1252,,494702.240,4038556.511,43.283
206土石分界1253,,494700.722,4038555.641,43.379
206土石分界1254,,494701.464,4038555.799,43.164
206土石分界1255,,494703.384,4038556.060,43.216
206土石分界1256,,494705.764,4038556.608,43.212
206土石分界1257,,494708.454,4038557.626,43.468
206土石分界1258,,494710.423,4038558.557,43.739
206土石分界1259,,494711.624,4038558.875,44.138
206土石分界1260,,494714.487,4038560.124,44.437
206土石分界1261,,494714.729,4038562.239,44.496
206土石分界1262,,494714.751,4038564.299,44.929
206土石分界1263,,494714.247,4038566.673,45.150
206土石分界1264,,494714.211,4038569.340,45.053
206土石分界1265,,494714.501,4038571.538,45.182
206土石分界1266,,494714.850,4038573.158,45.555
206土石分界1267,,494714.296,4038575.410,45.483
206土石分界1268,,494713.912,4038575.675,45.461
206土石分界1269,,494713.873,4038565.424,44.901
206土石分界1270,,494711.046,4038560.755,44.422
206土石分界1271,,494710.128,4038559.204,43.804
206土石分界1272,,494709.866,4038556.756,43.008
206土石分界1273,,494709.803,4038554.215,42.581
206土石分界1274,,494710.835,4038552.320,42.366
206土石分界1275,,494711.841,4038552.005,42.462
206土石分界1276,,494714.089,4038550.409,41.305
206土石分界1277,,494715.237,4038549.720,41.248
206土石分界1278,,494715.212,4038547.182,40.411
206土石分界1279,,494715.191,4038545.727,40.456
206土石分界1280,,494714.984,4038543.393,40.355
206土石分界1281,,494714.749,4038541.886,40.363
206土石分界1282,,494713.513,4038541.366,40.391
206土石分界1283,,494712.295,4038540.920,40.514
206土石分界1284,,494710.737,4038540.476,40.475
206土石分界1285,,494710.433,4038541.001,40.456
206土石分界1286,,494709.413,4038542.443,40.177
206土石分界1287,,494708.708,4038543.837,40.227
206土石分界1288,,494705.379,4038541.307,39.386
206土石分界1289,,494703.682,4038538.593,39.478
206土石分界1290,,494702.053,4038537.221,39.677
206土石分界1291,,494701.079,4038535.428,39.740
206土石分界1292,,494700.350,4038533.342,39.805
206土石分界1293,,494699.965,4038531.355,39.883
206土石分界1294,,494700.110,4038528.920,39.966
206土石分界1295,,494700.453,4038526.487,40.165
206土石分界1296,,494700.841,4038525.061,40.003
206土石分界1297,,494701.239,4038521.862,39.588
206土石分界1298,,494702.145,4038521.182,39.553
206土石分界1299,,494702.257,4038518.610,39.290
206土石分界1300,,494701.633,4038516.447,39.230
206土石分界1301,,494700.905,4038514.260,39.240
206土石分界1302,,494700.379,4038512.914,38.882
206土石分界1303,,494699.941,4038511.515,38.907
206土石分界1304,,494699.707,4038510.063,39.093
206土石分界1305,,494699.764,4038507.172,38.686
206土石分界1306,,494700.120,4038505.394,38.545
206土石分界1307,,494699.930,4038504.743,38.244
206土石分界1308,,494700.099,4038503.627,38.037
206土石分界1309,,494701.512,4038501.253,37.839
206土石分界1310,,494701.211,4038499.124,37.691
206土石分界1311,,494700.952,4038496.351,37.453
206土石分界1312,,494701.048,4038493.750,37.220
206土石分界1313,,494701.891,4038489.923,36.847
206土石分界1314,,494701.619,4038487.761,36.729
206土石分界1315,,494701.721,4038486.022,37.346
206土石分界1316,,494701.872,4038483.488,37.231
206土石分界1317,,494701.905,4038482.397,37.235
206土石分界1318,,494703.321,4038480.527,36.995
206土石分界1319,,494704.104,4038478.188,36.979
206土石分界1320,,494704.515,4038476.930,37.006
206土石分界1321,,494705.190,4038474.455,36.897
206土石分界1322,,494705.244,4038473.946,36.991
206土石分界1323,,494704.986,4038472.227,37.066
206土石分界1324,,494705.246,4038468.593,37.101
206土石分界1325,,494706.532,4038467.389,37.097
206土石分界1326,,494708.649,4038467.769,37.012
206土石分界1327,,494710.816,4038468.456,37.047
206土石分界1328,,494712.662,4038468.588,37.238
206土石分界1329,,494714.656,4038469.358,37.277
206土石分界1330,,494716.357,4038469.936,37.288
206土石分界1331,,494718.267,4038470.962,37.338
206土石分界1332,,494720.461,4038472.414,37.150
206土石分界1333,,494723.212,4038473.127,37.235
206土石分界1334,,494725.522,4038473.824,37.171
206土石分界1335,,494727.172,4038473.435,37.035
206土石分界1336,,494729.794,4038474.028,37.341
206土石分界1337,,494731.572,4038475.803,37.472
206土石分界1338,,494731.865,4038478.692,37.706
206土石分界1339,,494731.366,4038481.489,37.729
206土石分界1340,,494731.181,4038482.296,37.767
206土石分界1341,,494730.896,4038483.555,38.193
206土石分界1342,,494730.007,4038485.182,37.927
206土石分界1343,,494729.147,4038486.509,37.898
206土石分界1344,,494728.369,4038488.171,37.741
206土石分界1345,,494728.985,4038492.562,38.114
206土石分界1346,,494729.480,4038494.197,38.099
206土石分界1347,,494729.429,4038496.574,38.258
206土石分界1348,,494728.758,4038499.285,38.234
206土石分界1349,,494728.421,4038501.574,38.539
206土石分界1350,,494727.786,4038502.974,38.856
206土石分界1351,,494726.758,4038504.714,38.878
206土石分界1352,,494725.869,4038505.699,38.830
206土石分界1353,,494724.289,4038505.901,38.485
206土石分界1354,,494722.585,4038505.988,38.574
206土石分界1355,,494719.844,4038506.725,38.326
206土石分界1356,,494718.189,4038506.502,38.569
206土石分界1357,,494716.662,4038507.388,38.603
206土石分界1358,,494714.628,4038507.940,38.780
206土石分界1359,,494713.928,4038506.896,38.452
206土石分界1360,,494713.979,4038503.577,37.683
206土石分界1361,,494715.157,4038501.022,37.799
206土石分界1362,,494716.510,4038499.624,38.071
206土石分界1363,,494717.609,4038497.119,37.948
206土石分界1364,,494718.135,4038496.374,37.988
206土石分界1365,,494718.860,4038494.890,38.033
206土石分界1366,,494719.558,4038493.239,37.849
206土石分界1367,,494720.234,4038491.390,37.626
206土石分界1368,,494720.612,4038488.653,37.762
206土石分界1369,,494720.591,4038487.668,37.460
206土石分界1370,,494720.650,4038486.568,37.110
206土石分界1371,,494720.626,4038482.637,37.287
206土石分界1372,,494720.738,4038480.370,37.419
206土石分界1373,,494720.740,4038477.779,37.047
206土石分界1374,,494720.724,4038475.593,37.016
206土石分界1375,,494720.032,4038473.357,37.179
206土石分界1376,,494720.514,4038468.509,38.633
206土石分界1377,,494482.577,4038560.492,36.322
206土石分界1378,,494482.735,4038560.002,36.348
206土石分界1379,,494484.686,4038560.248,36.499
206土石分界1380,,494486.856,4038561.065,36.498
206土石分界1381,,494489.996,4038561.826,37.084
206土石分界1382,,494492.273,4038562.187,37.123
206土石分界1383,,494495.213,4038562.729,37.486
206土石分界1384,,494497.293,4038562.457,37.852
206土石分界1385,,494499.587,4038562.405,38.061
206土石分界1386,,494502.357,4038562.196,38.799
206土石分界1387,,494506.690,4038562.744,39.358
206土石分界1388,,494508.486,4038563.014,39.654
206土石分界1389,,494511.565,4038563.433,39.410
206土石分界1390,,494513.973,4038563.418,39.983
206土石分界1391,,494516.480,4038563.308,40.581
206土石分界1392,,494518.756,4038563.025,41.083
206土石分界1393,,494521.493,4038563.007,40.964
206土石分界1394,,494523.368,4038562.977,40.928
206土石分界1395,,494524.974,4038561.931,41.377
206土石分界1396,,494526.190,4038559.924,41.580
206土石分界1397,,494525.580,4038558.265,41.699
206土石分界1398,,494524.123,4038557.710,41.622
206土石分界1399,,494521.966,4038557.664,41.155
206土石分界1400,,494519.788,4038556.594,41.062
206土石分界1401,,494517.279,4038555.500,40.832
206土石分界1402,,494515.256,4038554.035,40.170
206土石分界1403,,494513.306,4038553.599,40.074
206土石分界1404,,494510.054,4038553.416,39.699
206土石分界1405,,494508.283,4038552.829,39.884
206土石分界1406,,494506.279,4038552.267,40.189
206土石分界1407,,494504.258,4038551.086,39.856
206土石分界1408,,494501.924,4038550.768,39.169
206土石分界1409,,494500.212,4038550.118,39.121
206土石分界1410,,494497.735,4038548.988,38.705
206土石分界1411,,494497.312,4038548.637,38.850
206土石分界1412,,494495.454,4038548.719,38.618
206土石分界1413,,494493.858,4038548.265,38.850
206土石分界1414,,494491.523,4038548.186,38.183
206土石分界1415,,494490.124,4038548.276,37.787
206土石分界1416,,494488.001,4038547.799,37.865
206土石分界1417,,494485.690,4038546.132,37.847
206土石分界1418,,494485.212,4038544.215,37.862
206土石分界1419,,494486.300,4038541.183,38.282
206土石分界1420,,494487.066,4038540.457,38.507
206土石分界1421,,494489.916,4038540.309,38.242
206土石分界1422,,494492.874,4038540.319,38.679
206土石分界1423,,494496.590,4038541.273,39.085
206土石分界1424,,494499.129,4038541.328,39.262
206土石分界1425,,494500.769,4038541.589,39.468
206土石分界1426,,494503.435,4038541.606,39.598
206土石分界1427,,494506.777,4038541.605,40.058
206土石分界1428,,494509.472,4038541.357,40.642
206土石分界1429,,494512.088,4038541.275,40.133
206土石分界1430,,494515.640,4038541.430,40.378
206土石分界1431,,494518.799,4038541.614,40.482
206土石分界1432,,494521.491,4038542.189,40.899
206土石分界1433,,494523.801,4038542.806,41.009
206土石分界1434,,494525.952,4038543.064,40.962
206土石分界1435,,494527.712,4038540.936,41.063
206土石分界1436,,494527.751,4038538.876,41.426
206土石分界1437,,494526.884,4038536.440,41.303
206土石分界1438,,494525.808,4038534.460,40.943
206土石分界1439,,494524.519,4038533.494,40.915
206土石分界1440,,494522.321,4038532.224,40.544
206土石分界1441,,494520.149,4038530.927,40.640
206土石分界1442,,494517.916,4038529.371,40.448
206土石分界1443,,494515.227,4038528.743,40.673
206土石分界1444,,494511.781,4038528.014,39.952
206土石分界1445,,494509.224,4038527.133,39.824
206土石分界1446,,494506.994,4038525.575,39.663
206土石分界1447,,494504.430,4038524.137,39.611
206土石分界1448,,494501.901,4038523.124,40.006
206土石分界1449,,494500.066,4038522.886,39.938
206土石分界1450,,494497.253,4038521.661,39.525
206土石分界1451,,494494.466,4038521.099,39.703
206土石分界1452,,494492.567,4038521.035,39.216
206土石分界1453,,494490.197,4038520.568,39.765
206土石分界1454,,494489.014,4038520.103,39.726
206土石分界1455,,494489.889,4038518.032,39.786
206土石分界1456,,494490.022,4038516.602,39.768
206土石分界1457,,494491.149,4038515.296,39.084
206土石分界1458,,494491.758,4038513.322,38.872
206土石分界1459,,494492.304,4038511.353,38.667
206土石分界1460,,494492.876,4038510.811,38.842
206土石分界1461,,494495.378,4038510.252,38.926
206土石分界1462,,494497.764,4038509.786,39.264
206土石分界1463,,494500.256,4038509.895,39.639
206土石分界1464,,494501.685,4038509.844,39.509
206土石分界1465,,494503.567,4038509.302,39.838
206土石分界1466,,494505.626,4038509.405,39.878
206土石分界1467,,494507.997,4038510.363,39.786
206土石分界1468,,494510.666,4038511.161,39.830
206土石分界1469,,494514.032,4038511.554,39.387
206土石分界1470,,494516.886,4038511.437,39.745
206土石分界1471,,494519.497,4038511.189,39.912
206土石分界1472,,494522.883,4038510.771,40.246
206土石分界1473,,494525.185,4038510.330,40.740
206土石分界1474,,494528.494,4038509.761,40.610
206土石分界1475,,494531.292,4038509.886,40.632
206土石分界1476,,494533.621,4038509.325,40.869
206土石分界1477,,494535.322,4038508.970,40.687
206土石分界1478,,494537.338,4038508.367,40.737
206土石分界1479,,494539.694,4038508.337,41.056
206土石分界1480,,494542.285,4038508.524,41.106
206土石分界1481,,494545.363,4038508.241,40.985
206土石分界1482,,494544.409,4038499.348,40.469
206土石分界1483,,494541.828,4038497.976,40.143
206土石分界1484,,494540.676,4038497.224,39.998
206土石分界1485,,494537.762,4038496.552,40.094
206土石分界1486,,494535.179,4038495.700,39.939
206土石分界1487,,494533.620,4038494.442,40.168
206土石分界1488,,494530.806,4038493.470,40.136
206土石分界1489,,494529.064,4038492.910,40.292
206土石分界1490,,494526.450,4038491.861,40.199
206土石分界1491,,494524.829,4038490.855,40.347
206土石分界1492,,494522.327,4038490.058,39.981
206土石分界1493,,494519.537,4038489.564,39.552
206土石分界1494,,494516.811,4038488.871,39.542
206土石分界1495,,494514.254,4038488.523,39.366
206土石分界1496,,494511.826,4038488.379,39.396
206土石分界1497,,494509.152,4038488.395,39.121
206土石分界1498,,494507.524,4038487.909,39.386
206土石分界1499,,494506.600,4038485.398,39.102
206土石分界1500,,494505.201,4038484.233,39.245
206土石分界1501,,494502.973,4038483.283,38.965
206土石分界1502,,494502.026,4038480.655,38.985
206土石分界1503,,494502.189,4038478.106,38.955
206土石分界1504,,494503.688,4038475.441,38.972
206土石分界1505,,494503.693,4038472.699,39.216
206土石分界1506,,494503.684,4038469.840,39.445
206土石分界1507,,494504.091,4038467.254,39.359
206土石分界1508,,494504.460,4038464.722,39.370
206土石分界1509,,494504.571,4038463.102,39.581
206土石分界1510,,494508.259,4038450.384,39.872
206土石分界1511,,494508.144,4038451.162,39.949
206土石分界1512,,494507.985,4038452.610,39.983
206土石分界1513,,494507.637,4038455.098,39.879
206土石分界1514,,494507.472,4038457.607,39.659
206土石分界1515,,494507.036,4038460.434,39.552
206土石分界1516,,494507.047,4038461.931,39.466
206土石分界1517,,494505.737,4038464.416,39.630
206土石分界1518,,494504.268,4038466.624,39.452
206土石分界1519,,494503.184,4038468.484,39.357
206土石分界1520,,494502.523,4038470.966,39.403
206土石分界1521,,494501.444,4038472.750,39.424
206土石分界1522,,494506.154,4038470.360,39.048
206土石分界1523,,494507.137,4038468.268,38.985
206土石分界1524,,494507.492,4038466.511,39.291
206土石分界1525,,494508.307,4038464.932,39.010
206土石分界1526,,494510.018,4038461.077,39.352
206土石分界1527,,494510.498,4038458.739,39.176
206土石分界1528,,494510.942,4038456.475,39.338
206土石分界1529,,494511.859,4038454.689,39.504
206土石分界1530,,494512.334,4038452.001,39.325
206土石分界1531,,494512.700,4038450.147,39.622
206土石分界1532,,494511.981,4038448.010,39.651
206土石分界1533,,494510.812,4038446.153,39.454
206土石分界1534,,494510.449,4038443.616,39.180
206土石分界1535,,494511.399,4038441.621,39.054
206土石分界1536,,494512.707,4038439.578,38.294
206土石分界1537,,494513.035,4038436.845,38.605
206土石分界1538,,494513.560,4038435.250,38.401
206土石分界1539,,494515.243,4038432.827,38.292
206土石分界1540,,494515.855,4038430.848,37.993
206土石分界1541,,494517.313,4038429.349,38.017
206土石分界1542,,494518.385,4038428.046,37.985
206土石分界1543,,494519.374,4038427.849,37.814
206土石分界1544,,494521.364,4038427.883,38.035
206土石分界1545,,494522.085,4038428.206,37.901
206土石分界1546,,494523.492,4038428.645,38.055
206土石分界1547,,494525.772,4038429.956,38.050
206土石分界1548,,494528.098,4038431.481,38.171
206土石分界1549,,494530.269,4038431.976,37.924
206土石分界1550,,494530.722,4038432.072,37.889
206土石分界1551,,494532.824,4038432.569,37.750
206土石分界1552,,494534.268,4038432.498,37.231
206土石分界1553,,494536.472,4038432.296,37.032
206土石分界1554,,494538.060,4038432.588,37.124
206土石分界1555,,494540.277,4038433.094,36.971
206土石分界1556,,494541.676,4038433.834,36.872
206土石分界1557,,494543.779,4038434.420,37.011
206土石分界1558,,494546.110,4038434.928,36.754
206土石分界1559,,494548.306,4038435.587,36.663
206土石分界1560,,494549.684,4038436.696,36.850
206土石分界1561,,494550.700,4038437.259,36.798
206土石分界1562,,494550.502,4038439.173,36.998
206土石分界1563,,494550.275,4038441.153,37.529
206土石分界1564,,494549.646,4038443.387,37.696
206土石分界1565,,494549.302,4038445.924,37.536
206土石分界1566,,494549.146,4038448.880,38.042
206土石分界1567,,494548.905,4038449.925,38.040
206土石分界1568,,494548.453,4038451.456,38.231
206土石分界1569,,494547.531,4038453.226,38.465
206土石分界1570,,494547.060,4038454.938,38.164
206土石分界1571,,494546.719,4038457.839,38.347
206土石分界1572,,494546.015,4038459.904,38.230
206土石分界1573,,494544.979,4038462.735,38.135
206土石分界1574,,494544.531,4038464.733,38.369
206土石分界1575,,494543.153,4038467.807,38.319
206土石分界1576,,494542.596,4038469.671,38.788
206土石分界1577,,494542.152,4038471.812,38.576
206土石分界1578,,494541.497,4038474.720,38.988
206土石分界1579,,494541.163,4038476.797,38.627
206土石分界1580,,494540.292,4038479.099,39.225
206土石分界1581,,494538.968,4038480.540,39.458
206土石分界1582,,494537.897,4038481.860,39.663
206土石分界1583,,494537.261,4038484.574,39.633
206土石分界1584,,494536.741,4038486.405,39.847
206土石分界1585,,494536.190,4038487.450,39.717
206土石分界1586,,494535.666,4038489.095,39.726
206土石分界1587,,494532.488,4038489.368,39.775
206土石分界1588,,494531.793,4038488.824,39.638
206土石分界1589,,494530.299,4038486.683,39.908
206土石分界1590,,494529.882,4038485.763,39.765
206土石分界1591,,494529.412,4038483.842,39.674
206土石分界1592,,494529.279,4038482.180,39.488
206土石分界1593,,494528.883,4038477.889,39.334
206土石分界1594,,494528.895,4038477.863,39.351
206土石分界1595,,494529.148,4038476.725,39.457
206土石分界1596,,494530.338,4038471.389,39.267
206土石分界1597,,494530.322,4038470.003,39.238
206土石分界1598,,494530.417,4038468.471,39.186
206土石分界1599,,494530.823,4038466.885,38.818
206土石分界1600,,494531.168,4038461.926,38.900
206土石分界1601,,494531.485,4038461.258,38.725
206土石分界1602,,494532.266,4038459.849,38.688
206土石分界1603,,494533.103,4038457.994,38.744
206土石分界1604,,494533.227,4038456.131,38.725
206土石分界1605,,494533.177,4038453.718,38.471
206土石分界1606,,494533.676,4038451.969,38.546
206土石分界1607,,494533.791,4038449.864,38.302
206土石分界1608,,494533.638,4038447.051,38.357
206土石分界1609,,494533.718,4038445.852,38.145
206土石分界1610,,494533.185,4038443.961,37.991
206土石分界1611,,494532.933,4038443.473,38.088
206土石分界1612,,494532.448,4038442.494,38.296
206土石分界1613,,494531.743,4038440.549,38.164
206土石分界1614,,494529.599,4038438.552,38.234
206土石分界1615,,494527.177,4038437.667,38.237
206土石分界1616,,494525.595,4038439.671,38.656
206土石分界1617,,494524.163,4038441.857,38.700
206土石分界1618,,494523.947,4038442.977,39.013
206土石分界1619,,494524.282,4038444.686,39.143
