1,,494599.076000,4038489.396000,35.096000
2,,494598.016000,4038487.233000,33.155000
3,,494599.381000,4038479.619000,32.998000
4,,494591.225000,4038477.513000,33.097000
5,,494590.215000,4038485.825000,33.260000
6,,494592.770000,4038483.800000,33.048000
7,,494593.249000,4038481.095000,33.138000
8,,494595.281000,4038481.557000,33.060000
9,,494595.450000,4038483.773000,33.171000
10,,494594.364000,4038482.355000,33.163000
11,,494602.450000,4038480.022000,33.009000
12,,494602.225000,4038483.667000,32.981000
13,,494605.399000,4038484.248000,33.068000
14,,494605.997000,4038480.197000,33.120000
15,,494603.993000,4038482.153000,32.940000
16,,494601.738000,4038485.503000,33.088000
17,,494601.712000,4038488.889000,32.897000
18,,494604.813000,4038489.044000,32.927000
19,,494604.423000,4038486.506000,32.948000
20,,494603.156000,4038487.689000,32.902000
21,,494608.908000,4038487.156000,33.078000
22,,494608.142000,4038489.718000,33.208000
23,,494611.440000,4038490.360000,33.226000
24,,494611.764000,4038487.475000,33.110000
25,,494610.109000,4038488.870000,33.014000
26,,494608.929000,4038484.743000,33.021000
27,,494612.358000,4038485.460000,32.972000
28,,494612.861000,4038482.292000,32.926000
29,,494609.662000,4038481.541000,33.071000
30,,494611.052000,4038483.935000,32.972000
31,,494616.886000,4038482.897000,32.922000
32,,494615.933000,4038486.212000,32.934000
33,,494619.499000,4038487.144000,33.185000
34,,494619.782000,4038483.628000,33.053000
35,,494617.894000,4038485.094000,32.904000
36,,494615.713000,4038488.014000,33.176000
37,,494615.216000,4038491.235000,33.274000
38,,494618.033000,4038491.471000,33.308000
39,,494618.567000,4038489.038000,33.292000
40,,494616.727000,4038490.093000,33.163000
41,,494623.161000,4038490.425000,33.209000
42,,494622.856000,4038493.175000,33.288000
43,,494625.130000,4038493.761000,33.394000
44,,494625.754000,4038490.999000,33.275000
45,,494624.110000,4038492.134000,33.219000
46,,494626.385000,4038488.489000,33.193000
47,,494627.324000,4038485.207000,33.172000
48,,494623.111000,4038484.647000,33.094000
49,,494622.758000,4038487.605000,33.086000
50,,494625.140000,4038486.455000,33.020000
51,,494630.182000,4038491.726000,33.178000
52,,494629.929000,4038494.481000,33.322000
53,,494632.742000,4038494.499000,33.353000
54,,494632.815000,4038492.009000,33.239000
55,,494631.493000,4038493.253000,33.174000
56,,494630.708000,4038489.924000,33.070000
57,,494631.152000,4038486.152000,32.980000
58,,494634.492000,4038486.941000,33.024000
59,,494633.676000,4038490.395000,33.110000
60,,494632.717000,4038488.212000,32.999000
61,,494635.655000,4038487.135000,33.070000
62,,494634.797000,4038490.868000,33.321000
63,,494638.099000,4038491.576000,33.216000
64,,494640.116000,4038491.058000,33.197000
65,,494640.942000,4038488.597000,33.182000
66,,494638.166000,4038487.793000,33.083000
67,,494638.910000,4038489.922000,33.169000
68,,494636.202000,4038489.191000,33.099000
69,,494636.660000,4038493.429000,33.337000
70,,494636.543000,4038495.573000,33.355000
71,,494638.676000,4038496.142000,33.367000
72,,494639.369000,4038493.808000,33.344000
73,,494637.830000,4038494.636000,33.264000
74,,494644.445000,4038494.604000,33.368000
75,,494644.478000,4038497.404000,33.275000
76,,494645.770000,4038496.150000,33.254000
77,,494647.194000,4038497.590000,33.282000
78,,494647.899000,4038495.021000,33.273000
79,,494650.029000,4038495.699000,33.273000
80,,494649.907000,4038497.782000,33.342000
81,,494648.822000,4038496.413000,33.201000
82,,494644.792000,4038492.009000,33.479000
83,,494645.145000,4038489.264000,33.401000
84,,494646.549000,4038490.997000,33.347000
85,,494648.208000,4038490.112000,33.357000
86,,494647.577000,4038492.623000,33.377000
87,,494649.591000,4038491.517000,33.417000
88,,494650.650000,4038490.682000,33.373000
89,,494650.441000,4038492.931000,33.465000
90,,494647.478000,4038479.810000,33.111000
91,,494647.063000,4038482.556000,33.087000
92,,494649.632000,4038483.482000,33.027000
93,,494650.568000,4038481.029000,33.135000
94,,494648.675000,4038481.742000,32.985000
95,,494652.502000,4038473.418000,33.211000
96,,494652.941000,4038470.885000,33.116000
97,,494651.285000,4038471.738000,33.149000
98,,494649.874000,4038470.082000,33.093000
99,,494649.601000,4038473.009000,33.111000
100,,494644.579000,4038472.292000,32.709000
101,,494644.847000,4038468.967000,32.786000
102,,494642.419000,4038470.299000,32.505000
103,,494639.992000,4038471.943000,32.564000
104,,494640.899000,4038468.039000,32.594000
105,,494637.423000,4038469.242000,32.673000
106,,494634.532000,4038470.348000,32.595000
107,,494635.174000,4038466.648000,32.520000
108,,494636.277000,4038472.456000,33.123000
109,,494627.140000,4038471.257000,33.085000
110,,494629.253000,4038473.834000,33.029000
111,,494631.682000,4038474.328000,33.172000
112,,494631.611000,4038476.337000,33.276000
113,,494629.082000,4038476.389000,33.189000
114,,494626.113000,4038479.636000,33.115000
115,,494634.196000,4038481.710000,33.094000
116,,494635.835000,4038480.844000,33.134000
117,,494637.021000,4038477.750000,33.024000
118,,494638.823000,4038479.581000,33.071000
119,,494640.426000,4038478.542000,33.269000
120,,494639.950000,4038481.241000,33.183000
121,,494642.147000,4038481.591000,33.247000
122,,494643.061000,4038478.891000,33.211000
123,,494627.490000,4038469.182000,33.295000
124,,494630.484000,4038469.500000,33.242000
125,,494629.256000,4038466.969000,32.912000
126,,494631.348000,4038465.349000,32.809000
127,,494627.605000,4038464.667000,33.228000
128,,494623.625000,4038463.880000,33.280000
129,,494623.467000,4038467.911000,33.287000
130,,494621.926000,4038465.643000,33.223000
131,,494620.194000,4038467.471000,33.386000
132,,494621.199000,4038463.186000,33.309000
133,,494617.017000,4038461.944000,33.155000
134,,494613.810000,4038461.749000,33.035000
135,,494612.916000,4038465.623000,33.343000
136,,494617.138000,4038466.330000,33.480000
137,,494615.091000,4038464.085000,33.086000
138,,494609.808000,4038464.804000,33.175000
139,,494610.239000,4038461.116000,32.873000
140,,494608.146000,4038462.911000,33.046000
141,,494606.346000,4038460.943000,33.153000
142,,494606.168000,4038464.605000,33.259000
143,,494602.492000,4038463.657000,33.245000
144,,494602.949000,4038459.069000,33.046000
145,,494600.228000,4038459.254000,32.863000
146,,494601.141000,4038461.070000,32.981000
147,,494599.065000,4038463.075000,33.065000
148,,494597.510000,4038462.560000,32.858000
149,,494594.848000,4038462.366000,32.844000
150,,494596.701000,4038460.362000,32.797000
151,,494595.600000,4038457.953000,33.088000
152,,494598.588000,4038458.625000,32.933000
153,,494598.844000,4038461.762000,33.128000
154,,494596.860000,4038468.716000,33.351000
155,,494595.988000,4038471.898000,33.385000
156,,494592.649000,4038471.301000,33.330000
157,,494593.179000,4038468.155000,33.171000
158,,494594.776000,4038470.043000,33.152000
159,,494598.414000,4038473.123000,33.220000
160,,494599.592000,4038464.750000,33.234000
161,,494601.766000,4038468.397000,33.135000
162,,494601.661000,4038471.540000,33.166000
163,,494604.381000,4038472.206000,33.238000
164,,494605.060000,4038469.458000,33.222000
165,,494603.301000,4038470.183000,33.167000
166,,494608.201000,4038466.766000,33.352000
167,,494607.550000,4038475.154000,33.375000
168,,494612.996000,4038467.853000,33.008000
169,,494614.937000,4038471.426000,32.893000
170,,494617.882000,4038471.574000,32.761000
171,,494622.236000,4038469.949000,32.928000
172,,494617.601000,4038474.783000,32.906000
173,,494619.911000,4038477.905000,33.070000
174,,494614.932000,4038474.242000,32.812000
175,,494616.762000,4038473.481000,32.831000
176,,494611.355000,4038476.489000,33.008000
177,,494634.687000,4038493.024000,34.984000
178,,494589.712000,4038467.018000,35.026000
179,,494595.911000,4038471.264000,33.221000
180,,494596.173000,4038469.424000,33.223000
181,,494593.479000,4038468.759000,33.071000
182,,494593.080000,4038470.660000,33.165000
183,,494594.789000,4038469.839000,33.152000
184,,494594.085000,4038478.797000,32.925000
185,,494591.567000,4038478.265000,32.986000
186,,494591.023000,4038480.699000,32.979000
187,,494592.685000,4038479.830000,33.020000
188,,494593.475000,4038481.262000,33.053000
189,,494590.629000,4038483.759000,33.078000
190,,494590.372000,4038485.438000,33.146000
191,,494591.997000,4038485.839000,33.093000
192,,494591.270000,4038485.001000,33.121000
193,,494592.348000,4038484.157000,33.034000
194,,494595.187000,4038484.735000,33.082000
195,,494594.910000,4038486.452000,33.070000
196,,494596.475000,4038486.732000,33.124000
197,,494595.904000,4038485.681000,33.049000
198,,494596.783000,4038485.054000,33.067000
199,,494595.343000,4038481.673000,32.990000
200,,494595.936000,4038479.128000,32.961000
201,,494598.415000,4038479.643000,32.920000
202,,494597.891000,4038482.208000,32.985000
203,,494596.728000,4038480.784000,32.920000
204,,494602.481000,4038483.178000,32.932000
205,,494604.970000,4038483.626000,32.900000
206,,494604.096000,4038482.024000,32.950000
207,,494605.395000,4038481.116000,32.959000
208,,494602.719000,4038480.483000,32.932000
209,,494603.894000,4038486.597000,32.886000
210,,494603.481000,4038488.287000,32.849000
211,,494601.839000,4038487.883000,32.791000
212,,494602.238000,4038486.245000,32.936000
213,,494603.179000,4038487.409000,32.904000
214,,494609.188000,4038487.652000,33.021000
215,,494608.909000,4038489.359000,33.083000
216,,494610.518000,4038489.731000,33.103000
217,,494610.913000,4038488.103000,33.041000
218,,494609.861000,4038488.837000,33.033000
219,,494611.967000,4038485.188000,32.936000
220,,494612.514000,4038482.649000,32.919000
221,,494610.011000,4038482.104000,32.977000
222,,494609.469000,4038484.619000,32.939000
223,,494611.225000,4038483.457000,32.957000
224,,494617.048000,4038483.591000,32.851000
225,,494616.507000,4038486.098000,32.867000
226,,494619.014000,4038486.657000,33.013000
227,,494618.065000,4038485.162000,32.939000
228,,494619.585000,4038484.205000,32.933000
229,,494616.329000,4038489.246000,33.077000
230,,494617.938000,4038489.634000,33.181000
231,,494617.609000,4038491.234000,33.165000
232,,494615.957000,4038490.913000,33.149000
233,,494616.909000,4038490.047000,33.126000
234,,494623.498000,4038487.622000,33.009000
235,,494624.023000,4038485.139000,32.914000
236,,494626.617000,4038485.685000,33.085000
237,,494626.061000,4038488.173000,33.039000
238,,494624.973000,4038486.817000,33.008000
239,,494623.320000,4038490.720000,33.103000
240,,494625.023000,4038491.070000,33.100000
241,,494624.060000,4038491.947000,33.122000
242,,494622.986000,4038492.371000,33.179000
243,,494624.634000,4038492.779000,33.177000
244,,494630.371000,4038492.164000,32.993000
245,,494630.037000,4038493.857000,33.175000
246,,494631.696000,4038494.289000,33.253000
247,,494632.092000,4038492.598000,33.051000
248,,494631.074000,4038493.337000,33.150000
249,,494630.615000,4038489.180000,32.996000
250,,494633.125000,4038489.718000,32.947000
251,,494632.389000,4038488.279000,32.986000
252,,494631.131000,4038486.623000,32.969000
253,,494633.678000,4038487.157000,32.965000
254,,494635.505000,4038487.613000,33.091000
255,,494634.980000,4038490.084000,33.108000
256,,494637.540000,4038490.614000,33.131000
257,,494638.033000,4038488.092000,33.114000
258,,494636.449000,4038489.119000,33.151000
259,,494637.918000,4038490.465000,33.128000
260,,494640.066000,4038490.882000,33.172000
261,,494639.124000,4038489.572000,33.148000
262,,494640.511000,4038488.722000,33.096000
263,,494638.356000,4038488.314000,33.125000
264,,494637.045000,4038495.393000,33.276000
265,,494638.686000,4038495.776000,33.334000
266,,494639.010000,4038494.086000,33.233000
267,,494637.395000,4038493.731000,33.263000
268,,494637.928000,4038494.862000,33.292000
269,,494637.287000,4038478.120000,33.007000
270,,494636.950000,4038479.969000,33.022000
271,,494638.496000,4038479.249000,33.083000
272,,494640.106000,4038478.695000,33.100000
273,,494639.718000,4038480.476000,33.090000
274,,494639.946000,4038480.763000,33.095000
275,,494642.083000,4038481.192000,33.186000
276,,494642.498000,4038479.088000,33.190000
277,,494640.401000,4038478.628000,33.120000
278,,494641.256000,4038480.022000,33.106000
279,,494649.467000,4038472.560000,33.086000
280,,494651.448000,4038473.016000,33.110000
281,,494651.830000,4038470.979000,32.894000
282,,494649.922000,4038470.616000,32.895000
283,,494651.040000,4038471.813000,33.103000
284,,494647.760000,4038480.185000,32.971000
285,,494647.231000,4038482.268000,32.972000
286,,494649.394000,4038482.806000,33.056000
287,,494649.829000,4038480.626000,33.056000
288,,494648.496000,4038481.672000,33.029000
289,,494644.826000,4038495.277000,33.229000
290,,494644.450000,4038496.931000,33.230000
291,,494645.566000,4038496.345000,33.202000
292,,494646.156000,4038497.302000,33.193000
293,,494646.480000,4038495.671000,33.195000
294,,494648.106000,4038497.121000,33.184000
295,,494648.342000,4038495.989000,33.166000
296,,494649.553000,4038496.225000,33.204000
297,,494648.830000,4038496.609000,33.125000
298,,494649.309000,4038497.369000,33.143000
299,,494645.346000,4038491.916000,33.420000
300,,494645.749000,4038490.012000,33.338000
301,,494646.541000,4038491.058000,33.342000
302,,494647.716000,4038490.363000,33.395000
303,,494647.288000,4038492.350000,33.350000
304,,494649.377000,4038491.361000,33.360000
305,,494649.178000,4038492.504000,33.413000
306,,494650.221000,4038492.829000,33.426000
307,,494650.507000,4038491.614000,33.404000
308,,494649.741000,4038492.010000,33.394000
309,,494616.743000,4038462.886000,33.078000
310,,494597.285000,4038472.002000,32.865000
311,,494635.119000,4038470.058000,31.486000
312,,494635.730000,4038470.904000,31.622000
313,,494635.716000,4038470.894000,31.618000
314,,494635.719000,4038470.907000,31.611000
315,,494635.673000,4038471.032000,31.607000
316,,494635.707000,4038471.005000,31.615000
317,,494635.707000,4038471.005000,31.615000
318,,494635.707000,4038471.005000,31.615000
319,,494635.707000,4038471.005000,31.615000
320,,494634.596000,4038471.199000,33.040000
321,,494630.583000,4038474.792000,33.083000
322,,494630.734000,4038477.384000,33.133000
323,,494631.517000,4038474.166000,33.064000
324,,494635.774000,4038473.023000,33.067000
325,,494634.134000,4038480.680000,32.956000
326,,494626.355000,4038479.041000,33.019000
327,,494627.999000,4038471.171000,33.042000
328,,494620.038000,4038477.663000,32.880000
329,,494618.366000,4038473.874000,32.846000
330,,494614.117000,4038472.665000,32.800000
331,,494612.168000,4038475.910000,32.860000
332,,494613.927000,4038468.225000,32.886000
333,,494621.671000,4038469.841000,32.805000
334,,494605.819000,4038474.590000,33.188000
335,,494602.753000,4038472.386000,33.170000
336,,494598.035000,4038472.999000,33.186000
337,,494599.725000,4038465.192000,33.048000
338,,494603.375000,4038468.039000,33.145000
339,,494607.522000,4038466.892000,33.228000
340,,0.000000,0.000000,0.000000
341,,494598.181000,4038461.246000,31.045000
342,,494652.422000,4038470.716000,32.973000
343,,494581.523000,4038467.546000,34.792000
344,,494581.530000,4038467.553000,34.804000
345,,494581.527000,4038467.555000,34.796000
346,,494581.666000,4038467.793000,34.851000
347,,494702.644000,4038459.143000,36.563000
348,,494704.694000,4038457.409000,36.526000
349,,494704.694000,4038457.409000,36.526000
350,,494706.291000,4038457.957000,36.521000
351,,494706.291000,4038457.957000,36.521000
352,,494708.321000,4038458.331000,36.854000
353,,494711.426000,4038458.409000,36.661000
354,,494713.904000,4038458.843000,36.646000
355,,494716.345000,4038459.257000,36.657000
356,,494718.750000,4038460.327000,36.845000
357,,494721.372000,4038461.080000,36.815000
358,,494724.817000,4038462.410000,36.984000
359,,494722.892000,4038473.403000,36.819000
360,,494722.719000,4038475.410000,37.037000
361,,494722.389000,4038477.679000,37.070000
362,,494722.185000,4038479.961000,37.114000
363,,494720.897000,4038483.136000,37.005000
364,,494720.679000,4038485.645000,37.053000
365,,494720.135000,4038488.073000,37.028000
366,,494719.480000,4038490.444000,36.985000
367,,494718.621000,4038493.568000,36.931000
368,,494718.012000,4038495.209000,37.019000
369,,494717.532000,4038497.459000,37.060000
370,,494716.966000,4038499.937000,37.046000
371,,494716.369000,4038502.257000,37.069000
372,,494716.168000,4038504.644000,37.114000
373,,494715.749000,4038507.005000,37.130000
374,,494715.023000,4038510.733000,36.988000
375,,494714.464000,4038513.183000,37.004000
376,,494713.850000,4038515.760000,37.162000
377,,494713.568000,4038516.886000,37.291000
378,,494713.137000,4038519.384000,37.394000
379,,494712.142000,4038523.181000,37.301000
380,,494711.497000,4038525.431000,37.399000
381,,494711.006000,4038527.722000,37.357000
382,,494709.509000,4038530.836000,37.515000
383,,494708.764000,4038530.898000,37.727000
384,,494705.664000,4038530.442000,37.661000
385,,494703.495000,4038529.900000,37.518000
386,,494701.104000,4038529.277000,37.757000
387,,494698.518000,4038528.333000,37.960000
388,,494697.060000,4038527.573000,37.855000
389,,494697.188000,4038526.046000,37.768000
390,,494699.198000,4038522.482000,37.367000
391,,494699.103000,4038517.417000,37.731000
392,,494700.546000,4038516.555000,37.547000
393,,494702.042000,4038513.979000,37.070000
394,,494702.221000,4038511.305000,37.073000
395,,494703.204000,4038509.429000,37.225000
396,,494703.722000,4038506.869000,37.155000
397,,494704.272000,4038503.363000,36.944000
398,,494705.000000,4038501.112000,36.893000
399,,494705.666000,4038498.904000,36.861000
400,,494706.281000,4038496.593000,36.901000
401,,494706.818000,4038494.264000,36.895000
402,,494707.265000,4038491.693000,36.854000
403,,494707.649000,4038489.240000,36.880000
404,,494708.280000,4038485.562000,36.753000
405,,494708.509000,4038484.324000,36.812000
406,,494708.810000,4038480.675000,36.635000
407,,494703.280000,4038475.012000,36.816000
408,,494703.030000,4038487.444000,37.061000
409,,494576.320000,4038475.745000,34.897000
410,,494596.654000,4038460.352000,31.213000
411,,494601.045000,4038461.315000,32.178000
412,,494608.091000,4038462.794000,30.570000
413,,494615.124000,4038464.282000,33.281000
414,,494622.191000,4038465.737000,33.490000
415,,494629.225000,4038467.290000,33.210000
416,,494636.264000,4038468.791000,31.352000
417,,494640.671000,4038469.728000,31.141000
418,,494643.311000,4038470.286000,31.255000
419,,494588.671000,4038479.164000,34.849000
420,,494588.680000,4038479.232000,34.837000
421,,494588.320000,4038480.702000,34.903000
422,,494588.272000,4038484.526000,34.845000
423,,494588.920000,4038487.524000,34.948000
424,,494591.779000,4038488.521000,34.848000
425,,494595.043000,4038488.778000,34.878000
426,,494599.937000,4038489.018000,34.999000
427,,494602.133000,4038490.883000,35.106000
428,,494605.559000,4038490.630000,35.121000
429,,494606.799000,4038489.763000,35.047000
430,,494607.484000,4038490.566000,34.993000
431,,494609.281000,4038491.334000,35.026000
432,,494612.324000,4038491.140000,35.012000
433,,494614.188000,4038491.595000,35.011000
434,,494615.433000,4038492.648000,35.047000
435,,494617.786000,4038493.007000,35.125000
436,,494619.405000,4038491.560000,35.259000
437,,494619.146000,4038492.937000,35.353000
438,,494620.924000,4038493.966000,35.248000
439,,494622.662000,4038494.522000,35.218000
440,,494625.034000,4038494.832000,35.114000
441,,494626.319000,4038493.893000,34.991000
442,,494627.971000,4038493.995000,35.071000
443,,494628.924000,4038495.467000,35.011000
444,,494630.435000,4038495.868000,34.753000
445,,494632.450000,4038496.439000,34.962000
446,,494632.894000,4038496.232000,35.124000
447,,494634.180000,4038494.928000,35.154000
448,,494634.487000,4038493.708000,35.061000
449,,494633.972000,4038491.922000,34.918000
450,,494634.817000,4038491.986000,34.789000
451,,494635.655000,4038492.245000,34.620000
452,,494635.431000,4038493.040000,34.772000
453,,494634.992000,4038494.273000,34.757000
454,,494634.907000,4038495.484000,34.861000
455,,494635.214000,4038496.195000,34.861000
456,,494636.787000,4038496.688000,34.945000
457,,494639.303000,4038497.217000,34.895000
458,,494640.143000,4038496.432000,35.026000
459,,494642.619000,4038497.211000,35.013000
460,,494643.058000,4038498.202000,34.930000
461,,494644.131000,4038498.577000,34.981000
462,,494646.031000,4038498.878000,35.010000
463,,494650.415000,4038498.851000,35.236000
464,,494650.220000,4038498.912000,35.214000
465,,494651.325000,4038495.514000,35.142000
466,,494650.711000,4038494.570000,35.093000
467,,494650.391000,4038493.848000,34.959000
468,,494651.103000,4038493.919000,35.130000
469,,494651.751000,4038493.379000,35.142000
470,,494651.657000,4038492.040000,34.991000
471,,494651.945000,4038490.392000,35.091000
472,,494651.175000,4038489.329000,35.077000
473,,494649.480000,4038489.058000,35.093000
474,,494647.981000,4038488.828000,35.010000
475,,494647.957000,4038487.898000,35.083000
476,,494649.049000,4038485.294000,35.258000
477,,494649.992000,4038484.749000,35.155000
478,,494650.830000,4038484.090000,35.238000
479,,494651.572000,4038482.140000,35.183000
480,,494652.179000,4038480.532000,35.255000
481,,494651.314000,4038479.839000,35.223000
482,,494650.975000,4038479.500000,35.274000
483,,494650.529000,4038478.482000,35.017000
484,,494651.357000,4038478.274000,35.238000
485,,494651.062000,4038476.970000,34.615000
486,,494651.356000,4038475.714000,34.566000
487,,494651.684000,4038474.991000,34.921000
488,,494653.223000,4038474.575000,34.605000
489,,494654.296000,4038471.252000,34.732000
490,,494653.945000,4038470.106000,34.927000
491,,494651.587000,4038468.939000,34.796000
492,,494649.272000,4038468.516000,34.978000
493,,494647.745000,4038468.150000,34.824000
494,,494646.443000,4038467.718000,34.839000
495,,494644.734000,4038466.331000,34.916000
496,,494642.684000,4038465.425000,34.738000
497,,494640.315000,4038464.281000,34.905000
498,,494638.697000,4038464.403000,34.698000
499,,494636.900000,4038464.140000,34.756000
500,,494634.791000,4038464.237000,34.642000
501,,494634.063000,4038465.512000,34.443000
502,,494633.513000,4038466.818000,34.667000
503,,494633.653000,4038467.833000,34.152000
504,,494633.434000,4038468.779000,34.215000
505,,494633.002000,4038469.559000,34.526000
506,,494632.794000,4038470.278000,34.794000
507,,494631.400000,4038470.124000,34.866000
508,,494631.084000,4038469.526000,34.490000
509,,494631.423000,4038468.837000,34.661000
510,,494632.125000,4038466.655000,34.267000
511,,494632.477000,4038465.473000,34.476000
512,,494631.947000,4038464.946000,34.355000
513,,494629.908000,4038464.465000,34.287000
514,,494628.791000,4038464.244000,34.315000
515,,494627.101000,4038464.159000,34.205000
516,,494626.762000,4038465.879000,34.198000
517,,494626.926000,4038467.219000,34.188000
518,,494626.513000,4038468.050000,34.416000
519,,494626.437000,4038468.668000,34.650000
520,,494627.189000,4038469.570000,34.578000
521,,494628.244000,4038469.884000,34.584000
522,,494630.149000,4038470.149000,34.571000
523,,494630.033000,4038470.782000,34.483000
524,,494629.082000,4038470.463000,34.595000
525,,494627.205000,4038470.217000,34.612000
526,,494626.218000,4038470.342000,34.364000
527,,494624.913000,4038467.689000,34.540000
528,,494624.598000,4038466.764000,34.184000
529,,494624.678000,4038465.112000,34.246000
530,,494624.390000,4038463.357000,34.117000
531,,494623.639000,4038462.603000,34.398000
532,,494622.148000,4038462.497000,34.196000
533,,494621.214000,4038462.444000,34.390000
534,,494619.795000,4038464.182000,34.264000
535,,494619.471000,4038464.791000,34.636000
536,,494619.655000,4038465.403000,34.643000
537,,494619.437000,4038466.323000,34.685000
538,,494619.555000,4038467.912000,34.616000
539,,494619.834000,4038468.333000,34.463000
540,,494620.327000,4038468.424000,34.202000
541,,494621.050000,4038468.815000,34.341000
542,,494622.339000,4038468.967000,34.201000
543,,494623.054000,4038469.057000,34.516000
544,,494618.477000,4038467.991000,34.609000
545,,494617.342000,4038467.983000,34.465000
546,,494616.311000,4038467.885000,34.433000
547,,494615.183000,4038467.494000,34.428000
548,,494613.909000,4038467.189000,34.744000
549,,494612.213000,4038467.145000,34.596000
550,,494612.283000,4038466.469000,34.536000
551,,494612.996000,4038466.734000,34.733000
552,,494614.780000,4038467.031000,34.651000
553,,494615.595000,4038467.230000,34.756000
554,,494617.374000,4038467.295000,34.555000
555,,494618.166000,4038466.238000,34.406000
556,,494618.308000,4038465.377000,34.373000
557,,494618.174000,4038463.689000,34.194000
558,,494618.227000,4038462.222000,34.147000
559,,494618.207000,4038461.399000,34.717000
560,,494617.815000,4038459.744000,34.965000
561,,494616.216000,4038459.650000,34.909000
562,,494614.808000,4038459.773000,34.751000
563,,494613.792000,4038460.588000,34.162000
564,,494613.313000,4038461.545000,34.166000
565,,494612.486000,4038462.450000,34.157000
566,,494612.146000,4038463.961000,33.872000
567,,494611.884000,4038465.383000,34.407000
568,,494612.013000,4038466.327000,34.500000
569,,494611.825000,4038467.348000,34.687000
570,,494610.219000,4038465.802000,34.098000
571,,494610.497000,4038464.763000,34.300000
572,,494610.962000,4038462.581000,34.185000
573,,494611.136000,4038460.602000,34.176000
574,,494611.174000,4038459.424000,34.408000
575,,494609.759000,4038458.643000,34.418000
576,,494608.545000,4038458.620000,34.260000
577,,494607.438000,4038458.458000,34.251000
578,,494606.568000,4038458.349000,34.511000
579,,494605.052000,4038457.722000,34.899000
580,,494605.074000,4038459.280000,34.065000
581,,494604.977000,4038460.632000,33.741000
582,,494604.237000,4038462.690000,33.726000
583,,494604.252000,4038463.716000,33.983000
584,,494604.798000,4038465.101000,33.634000
585,,494605.766000,4038465.731000,33.602000
586,,494607.546000,4038466.380000,33.333000
587,,494605.210000,4038465.645000,33.432000
588,,494603.887000,4038465.108000,34.018000
589,,494602.546000,4038464.829000,33.781000
590,,494601.188000,4038464.683000,33.780000
591,,494600.336000,4038464.438000,33.899000
592,,494599.584000,4038464.071000,33.660000
593,,494600.534000,4038464.090000,33.846000
594,,494601.258000,4038464.315000,33.777000
595,,494602.593000,4038464.273000,33.986000
596,,494603.157000,4038463.665000,34.180000
597,,494603.479000,4038462.064000,33.801000
598,,494603.774000,4038460.745000,33.850000
599,,494603.792000,4038459.821000,34.271000
600,,494603.653000,4038459.179000,34.368000
601,,494603.167000,4038458.468000,34.835000
602,,494601.731000,4038458.155000,34.679000
603,,494600.306000,4038457.726000,34.624000
604,,494599.771000,4038458.233000,34.253000
605,,494599.363000,4038458.324000,33.965000
606,,494598.805000,4038457.862000,34.062000
607,,494598.708000,4038457.601000,34.010000
608,,494597.508000,4038456.972000,33.979000
609,,494596.308000,4038457.003000,34.055000
610,,494595.208000,4038457.025000,34.665000
611,,494594.910000,4038458.057000,34.300000
612,,494594.576000,4038459.275000,34.338000
613,,494594.084000,4038460.840000,34.127000
614,,494593.740000,4038462.246000,34.321000
615,,494593.846000,4038463.034000,34.406000
616,,494595.972000,4038464.091000,34.054000
617,,494597.254000,4038464.323000,34.307000
618,,494598.096000,4038464.142000,34.339000
619,,494598.386000,4038463.119000,34.045000
620,,494598.569000,4038464.396000,34.559000
621,,494598.542000,4038464.621000,34.816000
622,,494598.125000,4038466.123000,34.948000
623,,494597.754000,4038467.801000,34.819000
624,,494597.738000,4038468.412000,34.733000
625,,494596.221000,4038468.096000,34.213000
626,,494596.914000,4038468.451000,34.348000
627,,494594.619000,4038467.507000,34.157000
628,,494592.814000,4038467.205000,34.345000
629,,494591.934000,4038467.839000,34.481000
630,,494591.633000,4038469.291000,34.395000
631,,494591.972000,4038471.454000,34.290000
632,,494592.530000,4038471.998000,34.427000
633,,494593.463000,4038472.339000,34.417000
634,,494594.957000,4038472.410000,33.947000
635,,494595.011000,4038472.463000,34.219000
636,,494596.277000,4038472.470000,34.359000
637,,494596.840000,4038471.571000,34.651000
638,,494591.591000,4038473.484000,34.624000
639,,494591.349000,4038475.100000,34.690000
640,,494591.651000,4038476.336000,34.892000
641,,494592.914000,4038476.913000,34.234000
642,,494593.898000,4038477.070000,34.109000
643,,494594.540000,4038477.140000,34.411000
644,,494595.439000,4038477.165000,34.374000
645,,494596.806000,4038477.370000,34.578000
646,,494599.052000,4038478.294000,34.325000
647,,494599.729000,4038479.020000,34.143000
648,,494600.191000,4038479.923000,34.099000
649,,494600.180000,4038480.668000,34.001000
650,,494601.427000,4038481.094000,33.554000
651,,494601.430000,4038482.072000,33.730000
652,,494600.161000,4038482.240000,33.651000
653,,494600.192000,4038482.928000,34.221000
654,,494599.743000,4038484.536000,33.985000
655,,494599.517000,4038485.362000,34.144000
656,,494599.037000,4038487.517000,34.005000
657,,494600.379000,4038487.673000,33.916000
658,,494600.542000,4038486.433000,33.768000
659,,494601.523000,4038485.056000,34.014000
660,,494602.472000,4038484.464000,33.528000
661,,494603.132000,4038485.299000,33.616000
662,,494603.994000,4038484.838000,33.664000
663,,494604.583000,4038484.966000,33.915000
664,,494605.170000,4038485.022000,34.224000
665,,494605.586000,4038485.482000,34.305000
666,,494605.844000,4038487.039000,33.931000
667,,494605.852000,4038488.357000,34.052000
668,,494606.704000,4038488.690000,34.397000
669,,494607.611000,4038488.332000,34.297000
670,,494608.175000,4038487.134000,34.072000
671,,494610.016000,4038486.500000,33.492000
672,,494610.056000,4038486.369000,33.593000
673,,494609.467000,4038485.708000,33.454000
674,,494609.181000,4038486.014000,33.529000
675,,494608.498000,4038485.283000,34.116000
676,,494608.109000,4038484.565000,34.070000
677,,494608.451000,4038483.310000,33.999000
678,,494608.785000,4038482.361000,34.264000
679,,494608.774000,4038481.580000,34.735000
680,,494608.845000,4038481.353000,34.868000
681,,494609.470000,4038480.547000,34.905000
682,,494610.233000,4038480.731000,34.850000
683,,494613.026000,4038481.098000,34.818000
684,,494613.414000,4038481.262000,35.056000
685,,494614.015000,4038480.546000,34.925000
686,,494614.024000,4038480.187000,35.112000
687,,494613.518000,4038479.173000,35.071000
688,,494612.269000,4038478.713000,34.906000
689,,494610.922000,4038478.147000,34.957000
690,,494609.888000,4038476.685000,34.700000
691,,494610.181000,4038475.857000,34.409000
692,,494610.410000,4038474.064000,34.391000
693,,494610.536000,4038472.952000,34.272000
694,,494610.586000,4038471.799000,34.439000
695,,494610.862000,4038470.725000,33.945000
696,,494611.006000,4038469.247000,34.023000
697,,494611.160000,4038468.236000,34.608000
698,,494611.933000,4038467.393000,34.710000
699,,494609.238000,4038466.807000,34.154000
700,,494609.064000,4038467.304000,34.170000
701,,494608.975000,4038468.159000,34.290000
702,,494609.187000,4038469.213000,34.090000
703,,494609.238000,4038470.799000,34.285000
704,,494608.340000,4038472.243000,33.607000
705,,494607.368000,4038472.752000,33.904000
706,,494607.437000,4038474.212000,33.737000
707,,494607.823000,4038474.508000,33.446000
708,,494608.423000,4038473.550000,33.750000
709,,494608.443000,4038472.265000,33.483000
710,,494608.893000,4038473.212000,34.272000
711,,494609.143000,4038474.593000,34.449000
712,,494609.143000,4038475.618000,34.388000
713,,494608.976000,4038475.962000,34.764000
714,,494607.573000,4038476.974000,34.855000
715,,494606.597000,4038476.630000,34.861000
716,,494605.775000,4038476.368000,34.819000
717,,494604.937000,4038476.202000,35.014000
718,,494603.783000,4038476.370000,34.967000
719,,494602.718000,4038475.826000,34.300000
720,,494602.094000,4038475.625000,34.278000
721,,494601.198000,4038475.485000,34.225000
722,,494614.101000,4038482.483000,34.470000
723,,494614.313000,4038482.853000,34.344000
724,,494614.716000,4038482.813000,34.470000
725,,494615.316000,4038483.043000,34.527000
726,,494615.523000,4038483.777000,33.656000
727,,494614.656000,4038483.635000,33.608000
728,,494613.895000,4038483.361000,33.567000
729,,494613.500000,4038484.615000,33.618000
730,,494613.882000,4038484.911000,33.661000
731,,494615.450000,4038485.375000,33.484000
732,,494614.330000,4038485.760000,34.175000
733,,494614.260000,4038485.697000,34.537000
734,,494613.594000,4038486.479000,34.941000
735,,494613.397000,4038486.818000,34.949000
736,,494613.303000,4038487.181000,34.695000
737,,494614.387000,4038487.171000,34.924000
738,,494614.825000,4038486.873000,34.921000
739,,494612.999000,4038487.820000,34.053000
740,,494612.836000,4038488.041000,34.168000
741,,494612.543000,4038489.591000,34.302000
742,,494612.626000,4038490.189000,34.163000
743,,494614.600000,4038490.468000,34.062000
744,,494614.752000,4038490.163000,34.326000
745,,494614.986000,4038488.143000,33.975000
746,,494615.596000,4038487.551000,33.522000
747,,494616.186000,4038487.665000,33.718000
748,,494617.485000,4038487.692000,33.448000
749,,494617.659000,4038487.645000,33.350000
750,,494618.369000,4038488.483000,33.768000
751,,494618.765000,4038488.894000,34.446000
752,,494620.165000,4038489.516000,34.448000
753,,494619.927000,4038490.526000,34.562000
754,,494619.642000,4038490.565000,34.686000
755,,494619.258000,4038490.839000,34.924000
756,,494619.424000,4038491.218000,35.236000
757,,494619.463000,4038491.394000,35.149000
758,,494619.140000,4038492.260000,35.372000
759,,494620.386000,4038490.713000,34.274000
760,,494620.470000,4038491.413000,34.240000
761,,494620.388000,4038491.885000,34.132000
762,,494620.952000,4038492.725000,34.158000
763,,494621.180000,4038492.576000,34.315000
764,,494622.011000,4038492.938000,34.170000
765,,494622.206000,4038492.002000,34.002000
766,,494622.303000,4038491.692000,34.122000
767,,494622.441000,4038490.263000,34.172000
768,,494622.338000,4038489.074000,34.166000
769,,494621.768000,4038488.555000,34.173000
770,,494620.426000,4038488.717000,35.089000
771,,494620.548000,4038488.371000,35.211000
772,,494620.858000,4038487.182000,35.174000
773,,494620.800000,4038486.782000,35.191000
774,,494620.669000,4038486.498000,35.110000
775,,494620.493000,4038486.866000,35.233000
776,,494620.208000,4038487.905000,35.073000
777,,494620.033000,4038488.305000,35.248000
778,,494620.481000,4038485.881000,34.607000
779,,494620.565000,4038485.482000,34.736000
780,,494621.205000,4038485.281000,34.785000
781,,494621.388000,4038485.824000,34.501000
782,,494621.404000,4038485.231000,35.029000
783,,494620.822000,4038484.188000,35.150000
784,,494620.957000,4038483.717000,35.208000
785,,494620.314000,4038482.820000,35.048000
786,,494618.824000,4038482.113000,35.138000
787,,494616.730000,4038481.558000,34.870000
788,,494616.751000,4038480.759000,34.909000
789,,494617.098000,4038479.698000,34.667000
790,,494618.201000,4038479.754000,34.806000
791,,494618.638000,4038479.832000,34.945000
792,,494619.902000,4038479.851000,34.958000
793,,494621.524000,4038479.128000,34.613000
794,,494622.091000,4038476.767000,34.318000
795,,494622.678000,4038474.447000,34.665000
796,,494622.449000,4038472.213000,34.322000
797,,494622.556000,4038472.057000,34.393000
798,,494623.690000,4038470.003000,34.546000
799,,494625.788000,4038470.495000,34.274000
800,,494625.151000,4038472.116000,34.442000
801,,494625.054000,4038473.969000,34.361000
802,,494624.974000,4038476.570000,34.218000
803,,494624.699000,4038477.845000,34.504000
804,,494624.470000,4038479.557000,34.313000
805,,494624.060000,4038480.901000,35.025000
806,,494625.732000,4038481.111000,34.873000
807,,494627.071000,4038481.304000,34.952000
808,,494628.106000,4038481.955000,34.932000
809,,494627.890000,4038483.246000,34.906000
810,,494627.614000,4038483.720000,35.107000
811,,494627.251000,4038483.729000,35.402000
812,,494626.503000,4038483.521000,34.933000
813,,494625.138000,4038483.376000,35.186000
814,,494624.660000,4038483.556000,35.080000
815,,494624.397000,4038483.506000,35.258000
816,,494629.207000,4038481.927000,34.064000
817,,494630.353000,4038482.285000,34.232000
818,,494630.136000,4038483.192000,34.181000
819,,494629.695000,4038484.452000,34.236000
820,,494628.518000,4038485.160000,34.113000
821,,494628.263000,4038486.188000,34.324000
822,,494628.830000,4038486.668000,34.130000
823,,494629.750000,4038486.738000,34.286000
824,,494629.936000,4038486.621000,34.256000
825,,494630.849000,4038485.223000,34.985000
826,,494627.291000,4038489.620000,34.655000
827,,494626.948000,4038490.281000,35.060000
828,,494628.761000,4038490.628000,35.014000
829,,494629.262000,4038489.784000,34.736000
830,,494628.852000,4038489.699000,34.823000
831,,494627.912000,4038490.367000,35.206000
832,,494629.251000,4038491.664000,34.055000
833,,494628.856000,4038493.029000,34.241000
834,,494627.764000,4038492.504000,34.028000
835,,494626.666000,4038491.244000,34.095000
836,,494626.264000,4038492.575000,34.158000
837,,494630.439000,4038490.945000,33.718000
838,,494630.496000,4038490.635000,33.575000
839,,494631.263000,4038491.470000,33.657000
840,,494631.525000,4038491.240000,33.749000
841,,494631.917000,4038490.939000,33.617000
842,,494632.749000,4038491.456000,33.966000
843,,494633.317000,4038491.143000,33.350000
844,,494633.708000,4038490.980000,33.546000
845,,494636.074000,4038491.823000,34.104000
846,,494636.481000,4038492.403000,34.177000
847,,494636.939000,4038492.669000,34.338000
848,,494638.194000,4038492.655000,34.397000
849,,494638.696000,4038492.668000,34.811000
850,,494639.614000,4038492.697000,34.924000
851,,494640.364000,4038493.297000,35.019000
852,,494640.360000,4038493.328000,35.129000
853,,494640.394000,4038494.298000,35.029000
854,,494640.186000,4038495.003000,34.624000
855,,494640.105000,4038495.771000,34.296000
856,,494640.594000,4038495.831000,34.829000
857,,494641.339000,4038495.585000,34.725000
858,,494642.957000,4038495.656000,34.522000
859,,494643.018000,4038496.239000,34.596000
860,,494642.979000,4038495.497000,34.988000
861,,494643.119000,4038494.602000,35.099000
862,,494643.499000,4038493.790000,35.130000
863,,494644.293000,4038493.597000,34.902000
864,,494645.266000,4038493.735000,34.317000
865,,494645.410000,4038493.843000,34.312000
866,,494646.146000,4038493.810000,34.898000
867,,494647.398000,4038493.936000,34.829000
868,,494648.663000,4038494.178000,34.804000
869,,494649.117000,4038494.205000,34.807000
870,,494649.581000,4038494.026000,34.636000
871,,494649.074000,4038493.585000,34.790000
872,,494648.278000,4038493.479000,34.794000
873,,494647.399000,4038493.409000,35.000000
874,,494646.246000,4038493.172000,34.622000
875,,494645.963000,4038493.117000,34.444000
876,,494644.925000,4038492.977000,34.775000
877,,494643.975000,4038492.707000,34.896000
878,,494643.660000,4038492.381000,35.155000
879,,494642.918000,4038491.828000,35.160000
880,,494641.741000,4038491.371000,35.114000
881,,494641.177000,4038491.936000,34.941000
882,,494643.466000,4038491.141000,34.517000
883,,494643.951000,4038490.509000,34.374000
884,,494643.362000,4038490.349000,34.781000
885,,494642.081000,4038490.151000,34.578000
886,,494641.513000,4038490.119000,34.312000
887,,494642.301000,4038489.772000,34.547000
888,,494642.563000,4038489.527000,34.488000
889,,494642.990000,4038488.540000,34.484000
890,,494643.001000,4038488.066000,34.504000
891,,494643.775000,4038488.089000,34.817000
892,,494643.541000,4038488.371000,35.092000
893,,494643.581000,4038489.259000,35.034000
894,,494643.972000,4038489.834000,34.731000
895,,494644.185000,4038489.524000,34.900000
896,,494644.325000,4038489.090000,34.793000
897,,494644.824000,4038488.638000,35.137000
898,,494645.939000,4038488.507000,34.760000
899,,494645.824000,4038488.287000,35.055000
900,,494645.641000,4038488.111000,34.970000
901,,494644.545000,4038487.964000,34.861000
902,,494642.899000,4038488.021000,34.809000
903,,494641.578000,4038487.813000,34.803000
904,,494641.588000,4038488.067000,35.014000
905,,494641.669000,4038488.448000,35.061000
906,,494641.618000,4038489.137000,34.854000
907,,494642.254000,4038488.654000,34.918000
908,,494643.764000,4038487.155000,33.829000
909,,494644.458000,4038487.125000,34.109000
910,,494645.237000,4038487.361000,33.945000
911,,494646.423000,4038487.906000,34.320000
912,,494646.645000,4038488.383000,34.289000
913,,494647.217000,4038488.105000,34.469000
914,,494647.344000,4038487.568000,33.976000
915,,494647.516000,4038485.876000,34.094000
916,,494647.955000,4038484.546000,33.793000
917,,494647.751000,4038484.002000,33.881000
918,,494646.504000,4038483.139000,34.147000
919,,494646.006000,4038482.002000,33.951000
920,,494646.488000,4038480.463000,34.095000
921,,494647.420000,4038479.211000,33.815000
922,,494647.829000,4038479.249000,33.991000
923,,494649.153000,4038479.094000,33.940000
924,,494648.968000,4038478.699000,34.007000
925,,494648.750000,4038477.072000,34.085000
926,,494649.372000,4038474.693000,33.749000
927,,494649.048000,4038474.094000,33.833000
928,,494648.279000,4038471.903000,33.730000
929,,494648.561000,4038470.236000,34.001000
930,,494647.997000,4038470.301000,33.990000
931,,494646.435000,4038469.645000,33.805000
932,,494646.185000,4038469.987000,34.063000
933,,494645.294000,4038472.644000,33.944000
934,,494645.060000,4038472.952000,33.991000
935,,494644.099000,4038473.394000,34.170000
936,,494642.761000,4038473.415000,33.717000
937,,494641.505000,4038473.388000,34.515000
938,,494641.335000,4038473.376000,34.515000
939,,494640.825000,4038473.342000,34.649000
940,,494640.178000,4038473.357000,34.161000
941,,494640.024000,4038473.433000,34.642000
942,,494638.236000,4038473.098000,34.847000
943,,494637.385000,4038473.411000,34.718000
944,,494636.947000,4038474.765000,34.724000
945,,494636.885000,4038474.977000,34.715000
946,,494637.030000,4038476.100000,34.928000
947,,494637.972000,4038476.745000,34.666000
948,,494638.681000,4038476.403000,34.657000
949,,494639.250000,4038476.479000,34.696000
950,,494640.040000,4038476.553000,34.444000
951,,494640.436000,4038476.300000,34.568000
952,,494640.587000,4038476.106000,34.666000
953,,494640.813000,4038476.842000,34.263000
954,,494640.938000,4038477.318000,34.137000
955,,494641.875000,4038477.705000,34.040000
956,,494643.092000,4038478.474000,33.986000
957,,494643.406000,4038479.605000,33.915000
958,,494643.121000,4038480.978000,34.130000
959,,494642.479000,4038482.041000,33.985000
960,,494641.423000,4038482.332000,34.153000
961,,494640.313000,4038482.134000,34.067000
962,,494639.739000,4038482.289000,34.625000
963,,494638.844000,4038482.970000,34.704000
964,,494638.705000,4038483.539000,34.859000
965,,494638.424000,4038484.586000,34.915000
966,,494638.318000,4038484.950000,34.741000
967,,494638.111000,4038486.133000,34.784000
968,,494637.995000,4038486.342000,34.850000
969,,494637.475000,4038486.416000,34.495000
970,,494637.033000,4038486.314000,34.751000
971,,494637.165000,4038485.571000,34.755000
972,,494637.441000,4038484.626000,34.681000
973,,494637.937000,4038483.534000,34.689000
974,,494638.164000,4038482.953000,34.407000
975,,494637.948000,4038482.127000,34.462000
976,,494637.492000,4038482.181000,34.772000
977,,494637.146000,4038482.218000,34.943000
978,,494636.920000,4038482.219000,34.988000
979,,494635.722000,4038482.155000,34.809000
980,,494635.269000,4038482.270000,34.947000
981,,494634.249000,4038482.775000,34.852000
982,,494633.046000,4038482.812000,35.045000
983,,494631.746000,4038482.684000,34.820000
984,,494631.496000,4038483.174000,35.033000
985,,494631.075000,4038484.235000,35.074000
986,,494631.526000,4038485.281000,34.991000
987,,494631.982000,4038485.333000,35.121000
988,,494633.359000,4038485.745000,35.119000
989,,494634.321000,4038485.837000,35.150000
990,,494635.628000,4038486.163000,34.871000
991,,494636.399000,4038485.450000,34.863000
992,,494636.311000,4038484.562000,35.132000
993,,494634.672000,4038480.442000,33.178000
994,,494635.580000,4038479.402000,33.006000
995,,494635.804000,4038479.126000,33.100000
996,,494636.537000,4038478.261000,33.604000
997,,494636.391000,4038477.590000,33.516000
998,,494596.964000,4038461.291000,31.983000
999,,494587.936000,4038484.481000,34.818000
1000,,494526.938000,4038545.538000,39.110000
1001,,494323.757000,4038333.677000,31.401000
1002,,494323.356000,4038333.576000,32.224000
1003,,494325.589000,4038324.423000,30.075000
1004,,494325.168000,4038324.284000,30.892000
1005,,494326.845000,4038317.633000,29.396000
1006,,494326.480000,4038317.479000,30.234000
1007,,494331.142000,4038294.946000,28.396000
1008,,494330.876000,4038294.911000,29.243000
1009,,494333.738000,4038282.980000,28.470000
1010,,494333.738000,4038282.980000,28.470000
1011,,494333.354000,4038283.009000,29.328000
1012,,494335.702000,4038274.003000,28.554000
1013,,494335.280000,4038273.920000,29.389000
1014,,494337.866000,4038263.769000,28.782000
1015,,494337.380000,4038263.607000,29.574000
1016,,494339.885000,4038253.657000,28.933000
1017,,494339.516000,4038253.524000,29.783000
1018,,494342.361000,4038242.234000,29.287000
1019,,494341.913000,4038242.138000,30.078000
1020,,494344.407000,4038232.437000,29.578000
1021,,494343.992000,4038232.167000,30.359000
1022,,494346.447000,4038222.692000,29.727000
1023,,494346.199000,4038222.247000,30.419000
1024,,494349.575000,4038208.631000,29.438000
1025,,494349.078000,4038208.554000,30.297000
1026,,494534.628000,4038447.258000,36.788000
1027,,494319.543000,4038768.732000,26.358000
1028,,494590.235000,4038551.308000,37.030000
1029,,494589.745000,4038550.883000,36.932000
1030,,494589.485000,4038550.740000,36.934000
1031,,494600.404000,4038433.834000,33.660000
1032,,494598.529000,4038440.950000,34.184000
1033,,494594.293000,4038456.711000,34.480000
1034,,494600.901000,4038457.019000,34.817000
1035,,494603.600000,4038447.592000,34.713000
1036,,494606.141000,4038436.466000,34.217000
1037,,494618.153000,4038438.939000,34.357000
1038,,494617.477000,4038444.985000,34.461000
1039,,494614.080000,4038460.347000,34.657000
1040,,494627.503000,4038463.490000,34.511000
1041,,494630.244000,4038454.021000,34.560000
1042,,494631.673000,4038442.957000,34.875000
1043,,494632.917000,4038443.161000,34.888000
1044,,494634.662000,4038442.913000,34.844000
1045,,494630.633000,4038448.154000,34.939000
1046,,494629.842000,4038452.795000,34.493000
1047,,494629.769000,4038462.111000,34.540000
1048,,494635.984000,4038464.656000,34.504000
1049,,494639.946000,4038455.605000,34.712000
1050,,494645.332000,4038444.562000,34.725000
1051,,494660.206000,4038446.399000,35.140000
1052,,494657.822000,4038453.212000,34.714000
1053,,494653.721000,4038466.863000,34.871000
1054,,494663.164000,4038471.240000,34.989000
1055,,494677.706000,4038473.795000,35.382000
1056,,494676.954000,4038465.851000,35.152000
1057,,494670.993000,4038463.443000,35.191000
1058,,494664.047000,4038461.060000,34.912000
1059,,494666.878000,4038449.862000,34.655000
1060,,494679.085000,4038452.842000,34.917000
1061,,494681.735000,4038464.159000,35.169000
1062,,494701.360000,4038456.661000,35.526000
1063,,494697.082000,4038469.268000,35.582000
1064,,494698.318000,4038481.135000,35.732000
1065,,494691.388000,4038480.418000,35.405000
1066,,494685.214000,4038478.673000,35.332000
1067,,494681.490000,4038478.933000,35.205000
1068,,494681.479000,4038485.843000,35.150000
1069,,494677.239000,4038488.251000,35.374000
1070,,494666.763000,4038484.650000,35.225000
1071,,494659.834000,4038482.986000,35.192000
1072,,494653.280000,4038482.678000,35.168000
1073,,494652.110000,4038488.137000,35.233000
1074,,494651.412000,4038499.606000,35.091000
1075,,494656.637000,4038500.693000,35.191000
1076,,494666.393000,4038498.200000,35.314000
1077,,494675.561000,4038502.192000,34.918000
1078,,494682.758000,4038507.498000,35.063000
1079,,494695.067000,4038514.149000,35.148000
1080,,494693.277000,4038520.901000,35.105000
1081,,494685.272000,4038518.221000,34.989000
1082,,494680.914000,4038515.554000,35.037000
1083,,494677.814000,4038521.214000,34.852000
1084,,494675.233000,4038526.012000,34.938000
1085,,494689.636000,4038536.009000,35.077000
1086,,494673.857000,4038533.917000,35.196000
1087,,494669.513000,4038541.697000,35.080000
1088,,494681.565000,4038557.027000,35.204000
1089,,494672.051000,4038557.049000,34.855000
1090,,494666.508000,4038555.965000,34.866000
1091,,494663.781000,4038554.693000,35.077000
1092,,494657.778000,4038553.242000,34.920000
1093,,494653.496000,4038552.094000,35.003000
1094,,494658.504000,4038546.455000,35.061000
1095,,494658.903000,4038541.239000,35.031000
1096,,494660.921000,4038533.782000,34.930000
1097,,494660.845000,4038527.898000,34.923000
1098,,494649.515000,4038525.433000,35.115000
1099,,494646.422000,4038529.849000,35.021000
1100,,494637.349000,4038524.629000,35.065000
1101,,494635.521000,4038528.739000,34.952000
1102,,494633.458000,4038547.605000,35.068000
1103,,494615.240000,4038548.028000,34.801000
1104,,494618.135000,4038536.845000,34.930000
1105,,494622.485000,4038520.920000,34.834000
1106,,494609.834000,4038515.769000,34.497000
1107,,494604.599000,4038526.274000,34.621000
1108,,494605.062000,4038532.068000,34.707000
1109,,494600.683000,4038547.150000,34.621000
1110,,494595.759000,4038533.154000,34.670000
1111,,494583.534000,4038543.461000,34.601000
1112,,494581.421000,4038540.065000,34.586000
1113,,494579.873000,4038532.116000,34.814000
1114,,494577.914000,4038510.194000,34.942000
1115,,494568.037000,4038509.058000,34.719000
1116,,494564.603000,4038515.185000,34.707000
1117,,494558.562000,4038524.789000,34.833000
1118,,494553.964000,4038537.219000,35.096000
1119,,494546.526000,4038535.476000,34.856000
1120,,494537.493000,4038532.903000,34.815000
1121,,494532.807000,4038531.703000,34.968000
1122,,494536.309000,4038527.425000,34.599000
1123,,494535.154000,4038518.927000,34.481000
1124,,494535.343000,4038513.541000,34.847000
1125,,494540.440000,4038515.724000,34.835000
1126,,494544.235000,4038517.611000,34.580000
1127,,494547.524000,4038518.241000,34.537000
1128,,494557.605000,4038519.359000,34.591000
1129,,494561.396000,4038510.714000,34.777000
1130,,494550.195000,4038504.736000,34.561000
1131,,494538.748000,4038500.827000,34.753000
1132,,494541.085000,4038493.776000,34.784000
1133,,494545.891000,4038493.971000,34.615000
1134,,494545.925000,4038477.852000,34.797000
1135,,494548.834000,4038468.441000,34.815000
1136,,494549.887000,4038460.422000,35.049000
1137,,494552.519000,4038446.909000,34.712000
1138,,494556.443000,4038435.778000,34.544000
1139,,494565.485000,4038437.412000,33.765000
1140,,494563.881000,4038443.567000,34.284000
1141,,494561.725000,4038448.121000,34.391000
1142,,494560.007000,4038454.275000,34.828000
1143,,494558.214000,4038463.428000,35.103000
1144,,494556.747000,4038474.627000,34.808000
1145,,494555.499000,4038485.194000,34.806000
1146,,494554.121000,4038491.358000,34.873000
1147,,494562.125000,4038498.833000,34.751000
1148,,494563.563000,4038494.150000,34.536000
1149,,494558.817000,4038482.429000,34.722000
1150,,494570.284000,4038467.111000,35.033000
1151,,494571.072000,4038469.402000,34.886000
1152,,494570.427000,4038472.633000,35.053000
1153,,494570.231000,4038478.751000,34.942000
1154,,494575.623000,4038486.892000,34.625000
1155,,494574.964000,4038491.655000,34.953000
1156,,494574.758000,4038494.420000,34.653000
1157,,494578.915000,4038496.566000,34.823000
1158,,494584.968000,4038498.192000,34.769000
1159,,494588.495000,4038498.820000,34.898000
1160,,494593.136000,4038498.670000,34.892000
1161,,494597.017000,4038496.547000,34.999000
1162,,494610.718000,4038500.603000,34.942000
1163,,494615.972000,4038501.026000,34.999000
1164,,494640.161000,4038507.246000,35.146000
1165,,494649.288000,4038511.660000,34.851000
1166,,494649.396000,4038500.156000,34.908000
1167,,494643.827000,4038499.770000,35.121000
1168,,494636.244000,4038498.041000,34.954000
1169,,494626.418000,4038495.664000,35.007000
1170,,494618.366000,4038493.956000,35.012000
1171,,494610.732000,4038492.715000,34.956000
1172,,494605.227000,4038491.831000,34.921000
1173,,494597.198000,4038489.676000,34.883000
1174,,494591.331000,4038489.108000,34.914000
1175,,494583.193000,4038431.079000,32.946000
1176,,494584.048000,4038436.754000,33.276000
1177,,494583.506000,4038443.094000,33.608000
1178,,494583.159000,4038451.747000,34.182000
1179,,494582.105000,4038456.542000,34.637000
1180,,494579.588000,4038465.419000,34.805000
1181,,494578.880000,4038469.190000,34.764000
1182,,494585.361000,4038483.174000,34.780000
1183,,494586.912000,4038475.338000,34.906000
1184,,494588.394000,4038469.432000,34.841000
1185,,494587.948000,4038463.101000,34.604000
1186,,494590.066000,4038458.564000,34.394000
1187,,494592.120000,4038455.356000,34.502000
1188,,494584.497000,4038448.354000,33.976000
1189,,494584.076000,4038445.591000,33.745000
1190,,494584.209000,4038441.885000,33.390000
1191,,494584.289000,4038439.143000,33.345000
1192,,494579.818000,4038434.010000,32.757000
1193,,494576.495000,4038432.874000,32.765000
1194,,494575.450000,4038429.586000,32.538000
1195,,494573.226000,4038428.732000,32.548000
1196,,494569.709000,4038427.942000,32.257000
1197,,494566.313000,4038427.178000,32.135000
1198,,494560.045000,4038424.857000,31.977000
1199,,494556.153000,4038423.787000,32.129000
1200,,494551.161000,4038422.194000,31.946000
1201,,494529.806000,4038416.694000,31.844000
1202,,494526.138000,4038416.890000,31.856000
1203,,494521.014000,4038415.946000,31.788000
1204,,494516.439000,4038414.981000,32.044000
1205,,494510.156000,4038414.210000,32.140000
1206,,494505.836000,4038413.626000,32.289000
1207,,494564.124000,4038429.310000,32.065000
1208,,494565.910000,4038431.064000,32.366000
1209,,494568.033000,4038432.623000,32.894000
1210,,494570.359000,4038434.673000,33.374000
1211,,494569.626000,4038438.521000,33.830000
1212,,494570.437000,4038440.349000,33.901000
1213,,494571.650000,4038446.656000,33.694000
1214,,494574.190000,4038444.251000,33.152000
1215,,494572.376000,4038437.431000,32.736000
1216,,494568.640000,4038436.339000,33.739000
1217,,494565.344000,4038436.739000,33.978000
1218,,494560.542000,4038435.178000,34.162000
1219,,494557.961000,4038434.152000,34.329000
1220,,494553.154000,4038432.808000,34.213000
1221,,494550.047000,4038432.251000,34.473000
1222,,494548.708000,4038434.957000,34.280000
1223,,494548.805000,4038437.400000,34.845000
1224,,494547.801000,4038442.016000,34.643000
1225,,494546.751000,4038445.509000,34.915000
1226,,494546.058000,4038448.863000,35.475000
1227,,494544.683000,4038452.852000,35.069000
1228,,494542.461000,4038458.347000,35.097000
1229,,494540.641000,4038463.841000,35.267000
1230,,494540.029000,4038468.632000,35.307000
1231,,494537.934000,4038473.543000,35.199000
1232,,494535.465000,4038478.222000,35.310000
1233,,494533.712000,4038482.224000,35.211000
1234,,494533.174000,4038487.747000,35.641000
1235,,494532.295000,4038490.912000,35.729000
1236,,494531.248000,4038494.332000,35.753000
1237,,494530.302000,4038497.966000,35.642000
1238,,494527.288000,4038506.909000,35.304000
1239,,494521.921000,4038506.656000,35.175000
1240,,494516.362000,4038505.135000,35.203000
1241,,494518.883000,4038491.908000,34.880000
1242,,494522.570000,4038490.740000,34.829000
1243,,494528.923000,4038489.405000,34.774000
1244,,494529.850000,4038485.017000,34.520000
1245,,494528.281000,4038480.864000,34.205000
1246,,494523.005000,4038477.419000,34.081000
1247,,494523.533000,4038470.517000,33.731000
1248,,494528.581000,4038468.872000,33.409000
1249,,494533.688000,4038469.745000,33.587000
1250,,494535.386000,4038465.891000,33.551000
1251,,494532.774000,4038460.502000,33.101000
1252,,494528.027000,4038457.153000,32.864000
1253,,494528.203000,4038450.419000,32.880000
1254,,494532.389000,4038449.667000,32.708000
1255,,494537.662000,4038449.688000,32.836000
1256,,494540.199000,4038442.460000,32.144000
1257,,494536.728000,4038439.650000,32.004000
1258,,494531.518000,4038436.497000,32.128000
1259,,494533.231000,4038426.758000,31.738000
1260,,494537.193000,4038428.523000,31.730000
1261,,494542.498000,4038429.229000,31.938000
1262,,494514.381000,4038515.316000,36.083000
1263,,494512.317000,4038524.339000,36.485000
1264,,494515.138000,4038526.556000,36.439000
1265,,494519.551000,4038526.774000,36.552000
1266,,494522.707000,4038519.660000,36.074000
1267,,494520.777000,4038518.947000,36.057000
1268,,494509.009000,4038529.241000,36.833000
1269,,494502.218000,4038528.620000,36.870000
1270,,494495.048000,4038525.578000,36.680000
1271,,494490.850000,4038523.148000,36.766000
1272,,494494.091000,4038510.644000,36.799000
1273,,494499.197000,4038509.431000,37.033000
1274,,494511.019000,4038505.919000,37.061000
1275,,494513.895000,4038497.072000,36.979000
1276,,494510.531000,4038493.818000,37.066000
1277,,494504.408000,4038491.269000,37.017000
1278,,494498.128000,4038487.659000,36.875000
1279,,494500.790000,4038476.182000,36.798000
1280,,494506.747000,4038477.982000,37.160000
1281,,494518.533000,4038476.679000,36.896000
1282,,494520.555000,4038466.609000,36.820000
1283,,494516.726000,4038462.928000,36.847000
1284,,494514.576000,4038462.516000,37.059000
1285,,494511.485000,4038461.187000,37.013000
1286,,494504.276000,4038456.588000,36.909000
1287,,494506.639000,4038448.138000,36.805000
1288,,494511.834000,4038448.418000,36.936000
1289,,494524.349000,4038448.646000,36.718000
1290,,494526.267000,4038439.233000,36.780000
1291,,494519.460000,4038436.017000,36.666000
1292,,494513.218000,4038434.434000,36.756000
1293,,494516.088000,4038426.436000,36.602000
1294,,494528.082000,4038429.321000,36.257000
1295,,494523.200000,4038432.368000,36.618000
1296,,494518.572000,4038443.320000,36.809000
1297,,494516.283000,4038452.212000,37.097000
1298,,494514.045000,4038471.752000,36.790000
1299,,494511.145000,4038478.294000,37.031000
1300,,494508.815000,4038484.859000,37.095000
1301,,494507.133000,4038491.693000,37.140000
1302,,494505.365000,4038498.452000,36.943000
1303,,494503.094000,4038508.086000,36.883000
1304,,494493.548000,4038530.185000,36.662000
1305,,494487.188000,4038540.688000,36.608000
1306,,494482.960000,4038551.533000,36.487000
1307,,494479.850000,4038559.308000,36.633000
1308,,494486.157000,4038561.493000,37.024000
1309,,494495.751000,4038559.459000,36.906000
1310,,494499.647000,4038553.780000,36.691000
1311,,494502.689000,4038546.074000,36.760000
1312,,494506.165000,4038537.115000,36.947000
1313,,494507.728000,4038533.587000,36.930000
1314,,494520.570000,4038537.404000,36.965000
1315,,494521.776000,4038542.308000,36.819000
1316,,494521.772000,4038549.364000,37.129000
1317,,494521.564000,4038554.986000,37.029000
1318,,494523.630000,4038562.691000,36.948000
1319,,494532.278000,4038563.371000,37.102000
1320,,494533.595000,4038560.794000,37.067000
1321,,494533.440000,4038554.744000,36.959000
1322,,494533.089000,4038552.272000,36.961000
1323,,494533.734000,4038546.322000,36.794000
1324,,494536.744000,4038538.172000,36.789000
1325,,494546.813000,4038540.266000,37.117000
1326,,494545.321000,4038547.103000,37.031000
1327,,494546.144000,4038565.512000,36.852000
1328,,494554.231000,4038566.641000,36.782000
1329,,494557.468000,4038560.756000,36.832000
1330,,494563.452000,4038543.465000,37.252000
1331,,494580.323000,4038547.236000,37.218000
1332,,494580.554000,4038555.400000,36.991000
1333,,494583.317000,4038569.101000,36.874000
1334,,494598.274000,4038571.468000,36.802000
1335,,494601.735000,4038563.944000,36.946000
1336,,494604.442000,4038552.633000,37.124000
1337,,494615.931000,4038554.127000,37.147000
1338,,494618.426000,4038562.769000,37.148000
1339,,494622.000000,4038574.179000,37.696000
1340,,494635.307000,4038578.765000,37.579000
1341,,494639.847000,4038571.243000,37.476000
1342,,494643.445000,4038556.590000,37.791000
1343,,494659.271000,4038559.006000,37.591000
1344,,494658.950000,4038569.767000,37.461000
1345,,494660.587000,4038585.592000,37.864000
1346,,494676.107000,4038562.683000,37.493000
1347,,494684.568000,4038562.216000,37.858000
1348,,494683.317000,4038572.214000,38.004000
1349,,494679.726000,4038589.240000,37.909000
1350,,494701.088000,4038593.164000,38.566000
1351,,494708.198000,4038583.392000,38.591000
1352,,494708.652000,4038574.788000,37.969000
1353,,494703.182000,4038571.511000,37.934000
1354,,494697.465000,4038569.444000,38.079000
1355,,494690.646000,4038566.594000,38.051000
1356,,494689.089000,4038557.441000,38.012000
1357,,494691.296000,4038551.161000,37.849000
1358,,494692.766000,4038545.318000,38.039000
1359,,494697.755000,4038545.219000,37.994000
1360,,494705.899000,4038546.359000,38.128000
1361,,494707.301000,4038542.442000,37.938000
1362,,494701.773000,4038540.432000,37.999000
1363,,494696.403000,4038536.447000,38.195000
1364,,494697.582000,4038525.620000,37.966000
1365,,494702.234000,4038525.375000,38.009000
1366,,494709.384000,4038526.498000,37.965000
1367,,494700.842000,4038514.125000,37.518000
1368,,494714.996000,4038507.082000,37.091000
1369,,494717.589000,4038491.582000,36.940000
1370,,494705.144000,4038479.700000,37.064000
1371,,494705.251000,4038476.285000,36.956000
1372,,494704.835000,4038463.187000,36.800000
1373,,494706.384000,4038458.760000,36.649000
1374,,494711.319000,4038457.670000,36.946000
1375,,494728.621000,4038459.046000,37.651000
1376,,494733.226000,4038460.108000,37.672000
1377,,494742.258000,4038463.719000,38.317000
1378,,494747.274000,4038469.696000,39.939000
1379,,494746.599000,4038474.110000,40.011000
1380,,494745.807000,4038476.237000,40.115000
1381,,494730.554000,4038493.009000,38.345000
1382,,494725.490000,4038489.202000,37.611000
1383,,494724.725000,4038485.105000,37.466000
1384,,494717.903000,4038483.381000,37.088000
1385,,494715.204000,4038486.238000,36.962000
1386,,494713.258000,4038489.894000,37.018000
1387,,494674.357000,4038503.331000,34.954000
1388,,494672.113000,4038508.954000,34.749000
1389,,494670.509000,4038513.954000,34.808000
1390,,494669.403000,4038521.707000,35.008000
1391,,494665.512000,4038525.884000,34.849000
1392,,494659.999000,4038528.786000,34.911000
1393,,494651.755000,4038530.188000,35.098000
1394,,494646.753000,4038529.212000,35.084000
1395,,494641.861000,4038528.642000,34.975000
1396,,494638.045000,4038528.308000,34.996000
1397,,494634.060000,4038527.996000,34.903000
1398,,494630.267000,4038528.910000,34.871000
1399,,494625.573000,4038533.118000,34.986000
1400,,494626.447000,4038559.287000,37.209000
1401,,494623.813000,4038560.849000,37.248000
1402,,494620.134000,4038560.435000,37.167000
1403,,494616.386000,4038559.806000,37.017000
1404,,494610.097000,4038559.083000,37.172000
1405,,494607.652000,4038558.598000,37.069000
1406,,494603.876000,4038558.091000,36.972000
1407,,494601.227000,4038557.820000,37.160000
1408,,494597.473000,4038557.404000,37.084000
1409,,494592.223000,4038557.109000,37.045000
1410,,494589.562000,4038556.731000,37.219000
1411,,494585.878000,4038556.721000,37.111000
1412,,494582.062000,4038556.762000,37.003000
1413,,494578.435000,4038556.288000,37.037000
1414,,494574.289000,4038556.190000,37.062000
1415,,494569.075000,4038555.366000,36.968000
1416,,494562.426000,4038554.919000,36.785000
1417,,494557.595000,4038553.571000,36.812000
1418,,494551.526000,4038551.597000,36.715000
1419,,494547.756000,4038550.368000,36.876000
1420,,494543.094000,4038548.731000,36.882000
1421,,494536.711000,4038547.105000,36.871000
1422,,494533.189000,4038546.835000,37.007000
1423,,494529.539000,4038546.884000,36.897000
1424,,494525.515000,4038547.622000,37.120000
1425,,494521.200000,4038548.166000,37.092000
1426,,494517.578000,4038547.311000,37.013000
1427,,494513.660000,4038546.972000,36.978000
1428,,494509.939000,4038546.341000,36.979000
1429,,494506.283000,4038545.498000,36.802000
1430,,494496.906000,4038541.204000,36.541000
1431,,494487.964000,4038539.451000,36.580000
1432,,494526.158000,4038573.552000,41.898000
1433,,494531.490000,4038573.045000,42.464000
1434,,494537.484000,4038571.408000,42.907000
1435,,494541.198000,4038571.224000,42.846000
1436,,494548.769000,4038571.840000,43.113000
1437,,494554.252000,4038571.739000,43.852000
1438,,494558.519000,4038573.026000,43.986000
1439,,494560.615000,4038574.222000,43.893000
1440,,494616.179000,4038596.810000,56.838000
1441,,494616.273000,4038596.812000,56.863000
1442,,494643.820000,4038600.509000,56.484000
1443,,494661.198000,4038605.145000,56.615000
1444,,494670.591000,4038606.911000,56.621000
1445,,494673.927000,4038607.436000,56.554000
1446,,494676.202000,4038607.463000,56.614000
1447,,494678.420000,4038607.949000,56.440000
1448,,494680.688000,4038608.293000,56.503000
1449,,494691.391000,4038612.475000,56.614000
1450,,494694.447000,4038613.134000,56.553000
1451,,494700.507000,4038613.770000,56.713000
1452,,494703.633000,4038613.658000,56.520000
1453,,494706.055000,4038613.804000,56.333000
1454,,494710.072000,4038614.421000,56.283000
1455,,494712.875000,4038614.781000,56.444000
1456,,494719.758000,4038615.502000,56.817000
1457,,494721.121000,4038611.842000,56.763000
1458,,494721.339000,4038609.960000,56.566000
1459,,494721.483000,4038606.383000,56.336000
1460,,494722.121000,4038602.262000,56.077000
1461,,494724.486000,4038597.156000,56.366000
1462,,494726.202000,4038592.675000,56.316000
1463,,494729.929000,4038591.825000,58.336000
1464,,494728.215000,4038587.662000,57.695000
1465,,494728.729000,4038582.512000,57.567000
1466,,494730.122000,4038577.401000,58.287000
1467,,494730.508000,4038573.245000,57.849000
1468,,494728.804000,4038567.349000,57.821000
1469,,494730.047000,4038560.400000,58.280000
1470,,494730.492000,4038558.162000,58.209000
1471,,494493.959000,4038493.764000,39.224000
1472,,494494.455000,4038487.402000,39.007000
1473,,494495.737000,4038478.733000,39.443000
1474,,494495.065000,4038474.568000,39.623000
1475,,494496.855000,4038470.619000,39.634000
1476,,494497.403000,4038468.435000,39.507000
1477,,494497.835000,4038462.984000,39.151000
1478,,494499.127000,4038459.555000,39.428000
1479,,494500.721000,4038454.313000,39.779000
1480,,494502.606000,4038448.106000,39.316000
1481,,494504.870000,4038447.977000,38.354000
1482,,494494.599000,4038494.627000,38.969000
1483,,494492.803000,4038500.566000,39.642000
1484,,494491.929000,4038502.712000,39.853000
1485,,494489.759000,4038507.918000,39.880000
1486,,494487.788000,4038513.200000,40.226000
1487,,494487.327000,4038517.580000,40.264000
