基坑底标高,,494599.076,4038489.396,35.096
基坑底标高0,,494598.016,4038487.233,33.155
基坑底标高1,,494599.381,4038479.619,32.998
基坑底标高2,,494591.225,4038477.513,33.097
基坑底标高3,,494590.215,4038485.825,33.260
基坑底标高4,,494592.770,4038483.800,33.048
基坑底标高5,,494593.249,4038481.095,33.138
基坑底标高6,,494595.281,4038481.557,33.060
基坑底标高7,,494595.450,4038483.773,33.171
基坑底标高8,,494594.364,4038482.355,33.163
基坑底标高9,,494602.450,4038480.022,33.009
基坑底标高10,,494602.225,4038483.667,32.981
基坑底标高11,,494605.399,4038484.248,33.068
基坑底标高12,,494605.997,4038480.197,33.120
基坑底标高13,,494603.993,4038482.153,32.940
基坑底标高14,,494601.738,4038485.503,33.088
基坑底标高15,,494601.712,4038488.889,32.897
基坑底标高16,,494604.813,4038489.044,32.927
基坑底标高17,,494604.423,4038486.506,32.948
基坑底标高18,,494603.156,4038487.689,32.902
基坑底标高19,,494608.908,4038487.156,33.078
基坑底标高20,,494608.142,4038489.718,33.208
基坑底标高21,,494611.440,4038490.360,33.226
基坑底标高22,,494611.764,4038487.475,33.110
基坑底标高23,,494610.109,4038488.870,33.014
基坑底标高24,,494608.929,4038484.743,33.021
基坑底标高25,,494612.358,4038485.460,32.972
基坑底标高26,,494612.861,4038482.292,32.926
基坑底标高27,,494609.662,4038481.541,33.071
基坑底标高28,,494611.052,4038483.935,32.972
基坑底标高29,,494616.886,4038482.897,32.922
基坑底标高30,,494615.933,4038486.212,32.934
基坑底标高31,,494619.499,4038487.144,33.185
基坑底标高32,,494619.782,4038483.628,33.053
基坑底标高33,,494617.894,4038485.094,32.904
基坑底标高34,,494615.713,4038488.014,33.176
基坑底标高35,,494615.216,4038491.235,33.274
基坑底标高36,,494618.033,4038491.471,33.308
基坑底标高37,,494618.567,4038489.038,33.292
基坑底标高38,,494616.727,4038490.093,33.163
基坑底标高39,,494623.161,4038490.425,33.209
基坑底标高40,,494622.856,4038493.175,33.288
基坑底标高41,,494625.130,4038493.761,33.394
基坑底标高42,,494625.754,4038490.999,33.275
基坑底标高43,,494624.110,4038492.134,33.219
基坑底标高44,,494626.385,4038488.489,33.193
基坑底标高45,,494627.324,4038485.207,33.172
基坑底标高46,,494623.111,4038484.647,33.094
基坑底标高47,,494622.758,4038487.605,33.086
基坑底标高48,,494625.140,4038486.455,33.020
基坑底标高49,,494630.182,4038491.726,33.178
基坑底标高50,,494629.929,4038494.481,33.322
基坑底标高51,,494632.742,4038494.499,33.353
基坑底标高52,,494632.815,4038492.009,33.239
基坑底标高53,,494631.493,4038493.253,33.174
基坑底标高54,,494630.708,4038489.924,33.070
基坑底标高55,,494631.152,4038486.152,32.980
基坑底标高56,,494634.492,4038486.941,33.024
基坑底标高57,,494633.676,4038490.395,33.110
基坑底标高58,,494632.717,4038488.212,32.999
基坑底标高59,,494635.655,4038487.135,33.070
基坑底标高60,,494634.797,4038490.868,33.321
基坑底标高61,,494638.099,4038491.576,33.216
基坑底标高62,,494640.116,4038491.058,33.197
基坑底标高63,,494640.942,4038488.597,33.182
基坑底标高64,,494638.166,4038487.793,33.083
基坑底标高65,,494638.910,4038489.922,33.169
基坑底标高66,,494636.202,4038489.191,33.099
基坑底标高67,,494636.660,4038493.429,33.337
基坑底标高68,,494636.543,4038495.573,33.355
基坑底标高69,,494638.676,4038496.142,33.367
基坑底标高70,,494639.369,4038493.808,33.344
基坑底标高71,,494637.830,4038494.636,33.264
基坑底标高72,,494644.445,4038494.604,33.368
基坑底标高73,,494644.478,4038497.404,33.275
基坑底标高74,,494645.770,4038496.150,33.254
基坑底标高75,,494647.194,4038497.590,33.282
基坑底标高76,,494647.899,4038495.021,33.273
基坑底标高77,,494650.029,4038495.699,33.273
基坑底标高78,,494649.907,4038497.782,33.342
基坑底标高79,,494648.822,4038496.413,33.201
基坑底标高80,,494644.792,4038492.009,33.479
基坑底标高81,,494645.145,4038489.264,33.401
基坑底标高82,,494646.549,4038490.997,33.347
基坑底标高83,,494648.208,4038490.112,33.357
基坑底标高84,,494647.577,4038492.623,33.377
基坑底标高85,,494649.591,4038491.517,33.417
基坑底标高86,,494650.650,4038490.682,33.373
基坑底标高87,,494650.441,4038492.931,33.465
基坑底标高88,,494647.478,4038479.810,33.111
基坑底标高89,,494647.063,4038482.556,33.087
基坑底标高90,,494649.632,4038483.482,33.027
基坑底标高91,,494650.568,4038481.029,33.135
基坑底标高92,,494648.675,4038481.742,32.985
基坑底标高93,,494652.502,4038473.418,33.211
基坑底标高94,,494652.941,4038470.885,33.116
基坑底标高95,,494651.285,4038471.738,33.149
基坑底标高96,,494649.874,4038470.082,33.093
基坑底标高97,,494649.601,4038473.009,33.111
基坑底标高98,,494644.579,4038472.292,32.709
基坑底标高99,,494644.847,4038468.967,32.786
基坑底标高100,,494642.419,4038470.299,32.505
基坑底标高101,,494639.992,4038471.943,32.564
基坑底标高102,,494640.899,4038468.039,32.594
基坑底标高103,,494637.423,4038469.242,32.673
基坑底标高104,,494634.532,4038470.348,32.595
基坑底标高105,,494635.174,4038466.648,32.520
基坑底标高106,,494636.277,4038472.456,33.123
基坑底标高107,,494627.140,4038471.257,33.085
基坑底标高108,,494629.253,4038473.834,33.029
基坑底标高109,,494631.682,4038474.328,33.172
基坑底标高110,,494631.611,4038476.337,33.276
基坑底标高111,,494629.082,4038476.389,33.189
基坑底标高112,,494626.113,4038479.636,33.115
基坑底标高113,,494634.196,4038481.710,33.094
基坑底标高114,,494635.835,4038480.844,33.134
基坑底标高115,,494637.021,4038477.750,33.024
基坑底标高116,,494638.823,4038479.581,33.071
基坑底标高117,,494640.426,4038478.542,33.269
基坑底标高118,,494639.950,4038481.241,33.183
基坑底标高119,,494642.147,4038481.591,33.247
基坑底标高120,,494643.061,4038478.891,33.211
基坑底标高121,,494627.490,4038469.182,33.295
基坑底标高122,,494630.484,4038469.500,33.242
基坑底标高123,,494629.256,4038466.969,32.912
基坑底标高124,,494631.348,4038465.349,32.809
基坑底标高125,,494627.605,4038464.667,33.228
基坑底标高126,,494623.625,4038463.880,33.280
基坑底标高127,,494623.467,4038467.911,33.287
基坑底标高128,,494621.926,4038465.643,33.223
基坑底标高129,,494620.194,4038467.471,33.386
基坑底标高130,,494621.199,4038463.186,33.309
基坑底标高131,,494617.017,4038461.944,33.155
基坑底标高132,,494613.810,4038461.749,33.035
基坑底标高133,,494612.916,4038465.623,33.343
基坑底标高134,,494617.138,4038466.330,33.480
基坑底标高135,,494615.091,4038464.085,33.086
基坑底标高136,,494609.808,4038464.804,33.175
基坑底标高137,,494610.239,4038461.116,32.873
基坑底标高138,,494608.146,4038462.911,33.046
基坑底标高139,,494606.346,4038460.943,33.153
基坑底标高140,,494606.168,4038464.605,33.259
基坑底标高141,,494602.492,4038463.657,33.245
基坑底标高142,,494602.949,4038459.069,33.046
基坑底标高143,,494600.228,4038459.254,32.863
基坑底标高144,,494601.141,4038461.070,32.981
基坑底标高145,,494599.065,4038463.075,33.065
基坑底标高146,,494597.510,4038462.560,32.858
基坑底标高147,,494594.848,4038462.366,32.844
基坑底标高148,,494596.701,4038460.362,32.797
基坑底标高149,,494595.600,4038457.953,33.088
基坑底标高150,,494598.588,4038458.625,32.933
基坑底标高151,,494598.844,4038461.762,33.128
基坑底标高152,,494596.860,4038468.716,33.351
基坑底标高153,,494595.988,4038471.898,33.385
基坑底标高154,,494592.649,4038471.301,33.330
基坑底标高155,,494593.179,4038468.155,33.171
基坑底标高156,,494594.776,4038470.043,33.152
基坑底标高157,,494598.414,4038473.123,33.220
基坑底标高158,,494599.592,4038464.750,33.234
基坑底标高159,,494601.766,4038468.397,33.135
基坑底标高160,,494601.661,4038471.540,33.166
基坑底标高161,,494604.381,4038472.206,33.238
基坑底标高162,,494605.060,4038469.458,33.222
基坑底标高163,,494603.301,4038470.183,33.167
基坑底标高164,,494608.201,4038466.766,33.352
基坑底标高165,,494607.550,4038475.154,33.375
基坑底标高166,,494612.996,4038467.853,33.008
基坑底标高167,,494614.937,4038471.426,32.893
基坑底标高168,,494617.882,4038471.574,32.761
基坑底标高169,,494622.236,4038469.949,32.928
基坑底标高170,,494617.601,4038474.783,32.906
基坑底标高171,,494619.911,4038477.905,33.070
基坑底标高172,,494614.932,4038474.242,32.812
基坑底标高173,,494616.762,4038473.481,32.831
基坑底标高174,,494611.355,4038476.489,33.008
基坑底标高175,,494634.687,4038493.024,34.984
承台底标高,,494589.712,4038467.018,35.026
承台底标高0,,494595.911,4038471.264,33.221
承台底标高1,,494596.173,4038469.424,33.223
承台底标高2,,494593.479,4038468.759,33.071
承台底标高3,,494593.080,4038470.660,33.165
承台底标高4,,494594.789,4038469.839,33.152
承台底标高5,,494594.085,4038478.797,32.925
承台底标高6,,494591.567,4038478.265,32.986
承台底标高7,,494591.023,4038480.699,32.979
承台底标高8,,494592.685,4038479.830,33.020
承台底标高9,,494593.475,4038481.262,33.053
承台底标高10,,494590.629,4038483.759,33.078
承台底标高11,,494590.372,4038485.438,33.146
承台底标高12,,494591.997,4038485.839,33.093
承台底标高13,,494591.270,4038485.001,33.121
承台底标高14,,494592.348,4038484.157,33.034
承台底标高15,,494595.187,4038484.735,33.082
承台底标高16,,494594.910,4038486.452,33.070
承台底标高17,,494596.475,4038486.732,33.124
承台底标高18,,494595.904,4038485.681,33.049
承台底标高19,,494596.783,4038485.054,33.067
承台底标高20,,494595.343,4038481.673,32.990
承台底标高21,,494595.936,4038479.128,32.961
承台底标高22,,494598.415,4038479.643,32.920
承台底标高23,,494597.891,4038482.208,32.985
承台底标高24,,494596.728,4038480.784,32.920
承台底标高25,,494602.481,4038483.178,32.932
承台底标高26,,494604.970,4038483.626,32.900
承台底标高27,,494604.096,4038482.024,32.950
承台底标高28,,494605.395,4038481.116,32.959
承台底标高29,,494602.719,4038480.483,32.932
承台底标高30,,494603.894,4038486.597,32.886
承台底标高31,,494603.481,4038488.287,32.849
承台底标高32,,494601.839,4038487.883,32.791
承台底标高33,,494602.238,4038486.245,32.936
承台底标高34,,494603.179,4038487.409,32.904
承台底标高35,,494609.188,4038487.652,33.021
承台底标高36,,494608.909,4038489.359,33.083
承台底标高37,,494610.518,4038489.731,33.103
承台底标高38,,494610.913,4038488.103,33.041
承台底标高39,,494609.861,4038488.837,33.033
承台底标高40,,494611.967,4038485.188,32.936
承台底标高41,,494612.514,4038482.649,32.919
承台底标高42,,494610.011,4038482.104,32.977
承台底标高43,,494609.469,4038484.619,32.939
承台底标高44,,494611.225,4038483.457,32.957
承台底标高45,,494617.048,4038483.591,32.851
承台底标高46,,494616.507,4038486.098,32.867
承台底标高47,,494619.014,4038486.657,33.013
承台底标高48,,494618.065,4038485.162,32.939
承台底标高49,,494619.585,4038484.205,32.933
承台底标高50,,494616.329,4038489.246,33.077
承台底标高51,,494617.938,4038489.634,33.181
承台底标高52,,494617.609,4038491.234,33.165
承台底标高53,,494615.957,4038490.913,33.149
承台底标高54,,494616.909,4038490.047,33.126
承台底标高55,,494623.498,4038487.622,33.009
承台底标高56,,494624.023,4038485.139,32.914
承台底标高57,,494626.617,4038485.685,33.085
承台底标高58,,494626.061,4038488.173,33.039
承台底标高59,,494624.973,4038486.817,33.008
承台底标高60,,494623.320,4038490.720,33.103
承台底标高61,,494625.023,4038491.070,33.100
承台底标高62,,494624.060,4038491.947,33.122
承台底标高63,,494622.986,4038492.371,33.179
承台底标高64,,494624.634,4038492.779,33.177
承台底标高65,,494630.371,4038492.164,32.993
承台底标高66,,494630.037,4038493.857,33.175
承台底标高67,,494631.696,4038494.289,33.253
承台底标高68,,494632.092,4038492.598,33.051
承台底标高69,,494631.074,4038493.337,33.150
承台底标高70,,494630.615,4038489.180,32.996
承台底标高71,,494633.125,4038489.718,32.947
承台底标高72,,494632.389,4038488.279,32.986
承台底标高73,,494631.131,4038486.623,32.969
承台底标高74,,494633.678,4038487.157,32.965
承台底标高75,,494635.505,4038487.613,33.091
承台底标高76,,494634.980,4038490.084,33.108
承台底标高77,,494637.540,4038490.614,33.131
承台底标高78,,494638.033,4038488.092,33.114
承台底标高79,,494636.449,4038489.119,33.151
承台底标高80,,494637.918,4038490.465,33.128
承台底标高81,,494640.066,4038490.882,33.172
承台底标高82,,494639.124,4038489.572,33.148
承台底标高83,,494640.511,4038488.722,33.096
承台底标高84,,494638.356,4038488.314,33.125
承台底标高85,,494637.045,4038495.393,33.276
承台底标高86,,494638.686,4038495.776,33.334
承台底标高87,,494639.010,4038494.086,33.233
承台底标高88,,494637.395,4038493.731,33.263
承台底标高89,,494637.928,4038494.862,33.292
承台底标高90,,494637.287,4038478.120,33.007
承台底标高91,,494636.950,4038479.969,33.022
承台底标高92,,494638.496,4038479.249,33.083
承台底标高93,,494640.106,4038478.695,33.100
承台底标高94,,494639.718,4038480.476,33.090
承台底标高95,,494639.946,4038480.763,33.095
承台底标高96,,494642.083,4038481.192,33.186
承台底标高97,,494642.498,4038479.088,33.190
承台底标高98,,494640.401,4038478.628,33.120
承台底标高99,,494641.256,4038480.022,33.106
承台底标高100,,494649.467,4038472.560,33.086
承台底标高101,,494651.448,4038473.016,33.110
承台底标高102,,494651.830,4038470.979,32.894
承台底标高103,,494649.922,4038470.616,32.895
承台底标高104,,494651.040,4038471.813,33.103
承台底标高105,,494647.760,4038480.185,32.971
承台底标高106,,494647.231,4038482.268,32.972
承台底标高107,,494649.394,4038482.806,33.056
承台底标高108,,494649.829,4038480.626,33.056
承台底标高109,,494648.496,4038481.672,33.029
承台底标高110,,494644.826,4038495.277,33.229
承台底标高111,,494644.450,4038496.931,33.230
承台底标高112,,494645.566,4038496.345,33.202
承台底标高113,,494646.156,4038497.302,33.193
承台底标高114,,494646.480,4038495.671,33.195
承台底标高115,,494648.106,4038497.121,33.184
承台底标高116,,494648.342,4038495.989,33.166
承台底标高117,,494649.553,4038496.225,33.204
承台底标高118,,494648.830,4038496.609,33.125
承台底标高119,,494649.309,4038497.369,33.143
承台底标高120,,494645.346,4038491.916,33.420
承台底标高121,,494645.749,4038490.012,33.338
承台底标高122,,494646.541,4038491.058,33.342
承台底标高123,,494647.716,4038490.363,33.395
承台底标高124,,494647.288,4038492.350,33.350
承台底标高125,,494649.377,4038491.361,33.360
承台底标高126,,494649.178,4038492.504,33.413
承台底标高127,,494650.221,4038492.829,33.426
承台底标高128,,494650.507,4038491.614,33.404
承台底标高129,,494649.741,4038492.010,33.394
承台底标高130,,494616.743,4038462.886,33.078
承台底标高131,,494597.285,4038472.002,32.865
承台底标高132,,494635.119,4038470.058,31.486
承台底标高133,,494635.730,4038470.904,31.622
承台底标高134,,494635.716,4038470.894,31.618
承台底标高135,,494635.719,4038470.907,31.611
承台底标高136,,494635.673,4038471.032,31.607
承台底标高137,,494635.707,4038471.005,31.615
承台底标高138,,494635.707,4038471.005,31.615
承台底标高139,,494635.707,4038471.005,31.615
承台底标高140,,494635.707,4038471.005,31.615
承台底标高141,,494634.596,4038471.199,33.040
设备基础标高,,494630.583,4038474.792,33.083
设备基础标高0,,494630.734,4038477.384,33.133
设备基础标高1,,494631.517,4038474.166,33.064
设备基础标高2,,494635.774,4038473.023,33.067
设备基础标高3,,494634.134,4038480.680,32.956
设备基础标高4,,494626.355,4038479.041,33.019
设备基础标高5,,494627.999,4038471.171,33.042
设备基础标高6,,494620.038,4038477.663,32.880
设备基础标高7,,494618.366,4038473.874,32.846
设备基础标高8,,494614.117,4038472.665,32.800
设备基础标高9,,494612.168,4038475.910,32.860
设备基础标高10,,494613.927,4038468.225,32.886
设备基础标高11,,494621.671,4038469.841,32.805
设备基础标高12,,494605.819,4038474.590,33.188
设备基础标高13,,494602.753,4038472.386,33.170
设备基础标高14,,494598.035,4038472.999,33.186
设备基础标高15,,494599.725,4038465.192,33.048
设备基础标高16,,494603.375,4038468.039,33.145
设备基础标高17,,494607.522,4038466.892,33.228
设备基础标高18,,0.000,0.000,0.000
设备基础标高19,,494598.181,4038461.246,31.045
设备基础标高20,,494652.422,4038470.716,32.973
设备基础标高21,,494581.523,4038467.546,34.792
设备基础标高22,,494581.530,4038467.553,34.804
206,,494581.527,4038467.555,34.796
206东南角方,,494581.666,4038467.793,34.851
206东南角方0,,494702.644,4038459.143,36.563
206东南角方1,,494704.694,4038457.409,36.526
206东南角方2,,494704.694,4038457.409,36.526
206东南角方3,,494706.291,4038457.957,36.521
206东南角方4,,494706.291,4038457.957,36.521
206东南角方5,,494708.321,4038458.331,36.854
206东南角方6,,494711.426,4038458.409,36.661
206东南角方7,,494713.904,4038458.843,36.646
206东南角方8,,494716.345,4038459.257,36.657
206东南角方9,,494718.750,4038460.327,36.845
206东南角方10,,494721.372,4038461.080,36.815
206东南角方11,,494724.817,4038462.410,36.984
206东南角方12,,494722.892,4038473.403,36.819
206东南角方13,,494722.719,4038475.410,37.037
206东南角方14,,494722.389,4038477.679,37.070
206东南角方15,,494722.185,4038479.961,37.114
206东南角方16,,494720.897,4038483.136,37.005
206东南角方17,,494720.679,4038485.645,37.053
206东南角方18,,494720.135,4038488.073,37.028
206东南角方19,,494719.480,4038490.444,36.985
206东南角方20,,494718.621,4038493.568,36.931
206东南角方21,,494718.012,4038495.209,37.019
206东南角方22,,494717.532,4038497.459,37.060
206东南角方23,,494716.966,4038499.937,37.046
206东南角方24,,494716.369,4038502.257,37.069
206东南角方25,,494716.168,4038504.644,37.114
206东南角方26,,494715.749,4038507.005,37.130
206东南角方27,,494715.023,4038510.733,36.988
206东南角方28,,494714.464,4038513.183,37.004
206东南角方29,,494713.850,4038515.760,37.162
206东南角方30,,494713.568,4038516.886,37.291
206东南角方31,,494713.137,4038519.384,37.394
206东南角方32,,494712.142,4038523.181,37.301
206东南角方33,,494711.497,4038525.431,37.399
206东南角方34,,494711.006,4038527.722,37.357
206东南角方35,,494709.509,4038530.836,37.515
206东南角方36,,494708.764,4038530.898,37.727
206东南角方37,,494705.664,4038530.442,37.661
206东南角方38,,494703.495,4038529.900,37.518
206东南角方39,,494701.104,4038529.277,37.757
206东南角方40,,494698.518,4038528.333,37.960
206东南角方41,,494697.060,4038527.573,37.855
206东南角方42,,494697.188,4038526.046,37.768
206东南角方43,,494699.198,4038522.482,37.367
206东南角方44,,494699.103,4038517.417,37.731
206东南角方45,,494700.546,4038516.555,37.547
206东南角方46,,494702.042,4038513.979,37.070
206东南角方47,,494702.221,4038511.305,37.073
206东南角方48,,494703.204,4038509.429,37.225
206东南角方49,,494703.722,4038506.869,37.155
206东南角方50,,494704.272,4038503.363,36.944
206东南角方51,,494705.000,4038501.112,36.893
206东南角方52,,494705.666,4038498.904,36.861
206东南角方53,,494706.281,4038496.593,36.901
206东南角方54,,494706.818,4038494.264,36.895
206东南角方55,,494707.265,4038491.693,36.854
206东南角方56,,494707.649,4038489.240,36.880
206东南角方57,,494708.280,4038485.562,36.753
206东南角方58,,494708.509,4038484.324,36.812
206东南角方59,,494708.810,4038480.675,36.635
206东南角方60,,494703.280,4038475.012,36.816
206东南角方61,,494703.030,4038487.444,37.061
垫层顶标高,,494576.320,4038475.745,34.897
垫层顶标高0,,494596.654,4038460.352,31.213
垫层顶标高1,,494601.045,4038461.315,32.178
垫层顶标高2,,494608.091,4038462.794,30.570
垫层顶标高3,,494615.124,4038464.282,33.281
垫层顶标高4,,494622.191,4038465.737,33.490
垫层顶标高5,,494629.225,4038467.290,33.210
垫层顶标高6,,494636.264,4038468.791,31.352
垫层顶标高7,,494640.671,4038469.728,31.141
垫层顶标高8,,494643.311,4038470.286,31.255
基坑顶标高,,494588.671,4038479.164,34.849
基坑顶标高0,,494588.680,4038479.232,34.837
基坑顶标高1,,494588.320,4038480.702,34.903
基坑顶标高2,,494588.272,4038484.526,34.845
基坑顶标高3,,494588.920,4038487.524,34.948
基坑顶标高4,,494591.779,4038488.521,34.848
基坑顶标高5,,494595.043,4038488.778,34.878
基坑顶标高6,,494599.937,4038489.018,34.999
基坑顶标高7,,494602.133,4038490.883,35.106
基坑顶标高8,,494605.559,4038490.630,35.121
基坑顶标高9,,494606.799,4038489.763,35.047
基坑顶标高10,,494607.484,4038490.566,34.993
基坑顶标高11,,494609.281,4038491.334,35.026
基坑顶标高12,,494612.324,4038491.140,35.012
基坑顶标高13,,494614.188,4038491.595,35.011
基坑顶标高14,,494615.433,4038492.648,35.047
基坑顶标高15,,494617.786,4038493.007,35.125
基坑顶标高16,,494619.405,4038491.560,35.259
基坑顶标高17,,494619.146,4038492.937,35.353
基坑顶标高18,,494620.924,4038493.966,35.248
基坑顶标高19,,494622.662,4038494.522,35.218
基坑顶标高20,,494625.034,4038494.832,35.114
基坑顶标高21,,494626.319,4038493.893,34.991
基坑顶标高22,,494627.971,4038493.995,35.071
基坑顶标高23,,494628.924,4038495.467,35.011
基坑顶标高24,,494630.435,4038495.868,34.753
基坑顶标高25,,494632.450,4038496.439,34.962
基坑顶标高26,,494632.894,4038496.232,35.124
基坑顶标高27,,494634.180,4038494.928,35.154
基坑顶标高28,,494634.487,4038493.708,35.061
基坑顶标高29,,494633.972,4038491.922,34.918
基坑顶标高30,,494634.817,4038491.986,34.789
基坑顶标高31,,494635.655,4038492.245,34.620
基坑顶标高32,,494635.431,4038493.040,34.772
基坑顶标高33,,494634.992,4038494.273,34.757
基坑顶标高34,,494634.907,4038495.484,34.861
基坑顶标高35,,494635.214,4038496.195,34.861
基坑顶标高36,,494636.787,4038496.688,34.945
基坑顶标高37,,494639.303,4038497.217,34.895
基坑顶标高38,,494640.143,4038496.432,35.026
基坑顶标高39,,494642.619,4038497.211,35.013
基坑顶标高40,,494643.058,4038498.202,34.930
基坑顶标高41,,494644.131,4038498.577,34.981
基坑顶标高42,,494646.031,4038498.878,35.010
基坑顶标高43,,494650.415,4038498.851,35.236
基坑顶标高44,,494650.220,4038498.912,35.214
基坑顶标高45,,494651.325,4038495.514,35.142
基坑顶标高46,,494650.711,4038494.570,35.093
基坑顶标高47,,494650.391,4038493.848,34.959
基坑顶标高48,,494651.103,4038493.919,35.130
基坑顶标高49,,494651.751,4038493.379,35.142
基坑顶标高50,,494651.657,4038492.040,34.991
基坑顶标高51,,494651.945,4038490.392,35.091
基坑顶标高52,,494651.175,4038489.329,35.077
基坑顶标高53,,494649.480,4038489.058,35.093
基坑顶标高54,,494647.981,4038488.828,35.010
基坑顶标高55,,494647.957,4038487.898,35.083
基坑顶标高56,,494649.049,4038485.294,35.258
基坑顶标高57,,494649.992,4038484.749,35.155
基坑顶标高58,,494650.830,4038484.090,35.238
基坑顶标高59,,494651.572,4038482.140,35.183
基坑顶标高60,,494652.179,4038480.532,35.255
基坑顶标高61,,494651.314,4038479.839,35.223
基坑顶标高62,,494650.975,4038479.500,35.274
基坑顶标高63,,494650.529,4038478.482,35.017
基坑顶标高64,,494651.357,4038478.274,35.238
基坑顶标高65,,494651.062,4038476.970,34.615
基坑顶标高66,,494651.356,4038475.714,34.566
基坑顶标高67,,494651.684,4038474.991,34.921
基坑顶标高68,,494653.223,4038474.575,34.605
基坑顶标高69,,494654.296,4038471.252,34.732
基坑顶标高70,,494653.945,4038470.106,34.927
基坑顶标高71,,494651.587,4038468.939,34.796
基坑顶标高72,,494649.272,4038468.516,34.978
基坑顶标高73,,494647.745,4038468.150,34.824
基坑顶标高74,,494646.443,4038467.718,34.839
基坑顶标高75,,494644.734,4038466.331,34.916
基坑顶标高76,,494642.684,4038465.425,34.738
基坑顶标高77,,494640.315,4038464.281,34.905
基坑顶标高78,,494638.697,4038464.403,34.698
基坑顶标高79,,494636.900,4038464.140,34.756
基坑顶标高80,,494634.791,4038464.237,34.642
基坑顶标高81,,494634.063,4038465.512,34.443
基坑顶标高82,,494633.513,4038466.818,34.667
基坑顶标高83,,494633.653,4038467.833,34.152
基坑顶标高84,,494633.434,4038468.779,34.215
基坑顶标高85,,494633.002,4038469.559,34.526
基坑顶标高86,,494632.794,4038470.278,34.794
基坑顶标高87,,494631.400,4038470.124,34.866
基坑顶标高88,,494631.084,4038469.526,34.490
基坑顶标高89,,494631.423,4038468.837,34.661
基坑顶标高90,,494632.125,4038466.655,34.267
基坑顶标高91,,494632.477,4038465.473,34.476
基坑顶标高92,,494631.947,4038464.946,34.355
基坑顶标高93,,494629.908,4038464.465,34.287
基坑顶标高94,,494628.791,4038464.244,34.315
基坑顶标高95,,494627.101,4038464.159,34.205
基坑顶标高96,,494626.762,4038465.879,34.198
基坑顶标高97,,494626.926,4038467.219,34.188
基坑顶标高98,,494626.513,4038468.050,34.416
基坑顶标高99,,494626.437,4038468.668,34.650
基坑顶标高100,,494627.189,4038469.570,34.578
基坑顶标高101,,494628.244,4038469.884,34.584
基坑顶标高102,,494630.149,4038470.149,34.571
基坑顶标高103,,494630.033,4038470.782,34.483
基坑顶标高104,,494629.082,4038470.463,34.595
基坑顶标高105,,494627.205,4038470.217,34.612
基坑顶标高106,,494626.218,4038470.342,34.364
基坑顶标高107,,494624.913,4038467.689,34.540
基坑顶标高108,,494624.598,4038466.764,34.184
基坑顶标高109,,494624.678,4038465.112,34.246
基坑顶标高110,,494624.390,4038463.357,34.117
基坑顶标高111,,494623.639,4038462.603,34.398
基坑顶标高112,,494622.148,4038462.497,34.196
基坑顶标高113,,494621.214,4038462.444,34.390
基坑顶标高114,,494619.795,4038464.182,34.264
基坑顶标高115,,494619.471,4038464.791,34.636
基坑顶标高116,,494619.655,4038465.403,34.643
基坑顶标高117,,494619.437,4038466.323,34.685
基坑顶标高118,,494619.555,4038467.912,34.616
基坑顶标高119,,494619.834,4038468.333,34.463
基坑顶标高120,,494620.327,4038468.424,34.202
基坑顶标高121,,494621.050,4038468.815,34.341
基坑顶标高122,,494622.339,4038468.967,34.201
基坑顶标高123,,494623.054,4038469.057,34.516
基坑顶标高124,,494618.477,4038467.991,34.609
基坑顶标高125,,494617.342,4038467.983,34.465
基坑顶标高126,,494616.311,4038467.885,34.433
基坑顶标高127,,494615.183,4038467.494,34.428
基坑顶标高128,,494613.909,4038467.189,34.744
基坑顶标高129,,494612.213,4038467.145,34.596
基坑顶标高130,,494612.283,4038466.469,34.536
基坑顶标高131,,494612.996,4038466.734,34.733
基坑顶标高132,,494614.780,4038467.031,34.651
基坑顶标高133,,494615.595,4038467.230,34.756
基坑顶标高134,,494617.374,4038467.295,34.555
基坑顶标高135,,494618.166,4038466.238,34.406
基坑顶标高136,,494618.308,4038465.377,34.373
基坑顶标高137,,494618.174,4038463.689,34.194
基坑顶标高138,,494618.227,4038462.222,34.147
基坑顶标高139,,494618.207,4038461.399,34.717
基坑顶标高140,,494617.815,4038459.744,34.965
基坑顶标高141,,494616.216,4038459.650,34.909
基坑顶标高142,,494614.808,4038459.773,34.751
基坑顶标高143,,494613.792,4038460.588,34.162
基坑顶标高144,,494613.313,4038461.545,34.166
基坑顶标高145,,494612.486,4038462.450,34.157
基坑顶标高146,,494612.146,4038463.961,33.872
基坑顶标高147,,494611.884,4038465.383,34.407
基坑顶标高148,,494612.013,4038466.327,34.500
基坑顶标高149,,494611.825,4038467.348,34.687
基坑顶标高150,,494610.219,4038465.802,34.098
基坑顶标高151,,494610.497,4038464.763,34.300
基坑顶标高152,,494610.962,4038462.581,34.185
基坑顶标高153,,494611.136,4038460.602,34.176
基坑顶标高154,,494611.174,4038459.424,34.408
基坑顶标高155,,494609.759,4038458.643,34.418
基坑顶标高156,,494608.545,4038458.620,34.260
基坑顶标高157,,494607.438,4038458.458,34.251
基坑顶标高158,,494606.568,4038458.349,34.511
基坑顶标高159,,494605.052,4038457.722,34.899
基坑顶标高160,,494605.074,4038459.280,34.065
基坑顶标高161,,494604.977,4038460.632,33.741
基坑顶标高162,,494604.237,4038462.690,33.726
基坑顶标高163,,494604.252,4038463.716,33.983
基坑顶标高164,,494604.798,4038465.101,33.634
基坑顶标高165,,494605.766,4038465.731,33.602
基坑顶标高166,,494607.546,4038466.380,33.333
基坑顶标高167,,494605.210,4038465.645,33.432
基坑顶标高168,,494603.887,4038465.108,34.018
基坑顶标高169,,494602.546,4038464.829,33.781
基坑顶标高170,,494601.188,4038464.683,33.780
基坑顶标高171,,494600.336,4038464.438,33.899
基坑顶标高172,,494599.584,4038464.071,33.660
基坑顶标高173,,494600.534,4038464.090,33.846
基坑顶标高174,,494601.258,4038464.315,33.777
基坑顶标高175,,494602.593,4038464.273,33.986
基坑顶标高176,,494603.157,4038463.665,34.180
基坑顶标高177,,494603.479,4038462.064,33.801
基坑顶标高178,,494603.774,4038460.745,33.850
基坑顶标高179,,494603.792,4038459.821,34.271
基坑顶标高180,,494603.653,4038459.179,34.368
基坑顶标高181,,494603.167,4038458.468,34.835
基坑顶标高182,,494601.731,4038458.155,34.679
基坑顶标高183,,494600.306,4038457.726,34.624
基坑顶标高184,,494599.771,4038458.233,34.253
基坑顶标高185,,494599.363,4038458.324,33.965
基坑顶标高186,,494598.805,4038457.862,34.062
基坑顶标高187,,494598.708,4038457.601,34.010
基坑顶标高188,,494597.508,4038456.972,33.979
基坑顶标高189,,494596.308,4038457.003,34.055
基坑顶标高190,,494595.208,4038457.025,34.665
基坑顶标高191,,494594.910,4038458.057,34.300
基坑顶标高192,,494594.576,4038459.275,34.338
基坑顶标高193,,494594.084,4038460.840,34.127
基坑顶标高194,,494593.740,4038462.246,34.321
基坑顶标高195,,494593.846,4038463.034,34.406
基坑顶标高196,,494595.972,4038464.091,34.054
基坑顶标高197,,494597.254,4038464.323,34.307
基坑顶标高198,,494598.096,4038464.142,34.339
基坑顶标高199,,494598.386,4038463.119,34.045
基坑顶标高200,,494598.569,4038464.396,34.559
基坑顶标高201,,494598.542,4038464.621,34.816
基坑顶标高202,,494598.125,4038466.123,34.948
基坑顶标高203,,494597.754,4038467.801,34.819
基坑顶标高204,,494597.738,4038468.412,34.733
基坑顶标高205,,494596.221,4038468.096,34.213
基坑顶标高206,,494596.914,4038468.451,34.348
基坑顶标高207,,494594.619,4038467.507,34.157
基坑顶标高208,,494592.814,4038467.205,34.345
基坑顶标高209,,494591.934,4038467.839,34.481
基坑顶标高210,,494591.633,4038469.291,34.395
基坑顶标高211,,494591.972,4038471.454,34.290
基坑顶标高212,,494592.530,4038471.998,34.427
基坑顶标高213,,494593.463,4038472.339,34.417
基坑顶标高214,,494594.957,4038472.410,33.947
基坑顶标高215,,494595.011,4038472.463,34.219
基坑顶标高216,,494596.277,4038472.470,34.359
基坑顶标高217,,494596.840,4038471.571,34.651
基坑顶标高218,,494591.591,4038473.484,34.624
基坑顶标高219,,494591.349,4038475.100,34.690
基坑顶标高220,,494591.651,4038476.336,34.892
基坑顶标高221,,494592.914,4038476.913,34.234
基坑顶标高222,,494593.898,4038477.070,34.109
基坑顶标高223,,494594.540,4038477.140,34.411
基坑顶标高224,,494595.439,4038477.165,34.374
基坑顶标高225,,494596.806,4038477.370,34.578
基坑顶标高226,,494599.052,4038478.294,34.325
基坑顶标高227,,494599.729,4038479.020,34.143
基坑顶标高228,,494600.191,4038479.923,34.099
基坑顶标高229,,494600.180,4038480.668,34.001
基坑顶标高230,,494601.427,4038481.094,33.554
基坑顶标高231,,494601.430,4038482.072,33.730
基坑顶标高232,,494600.161,4038482.240,33.651
基坑顶标高233,,494600.192,4038482.928,34.221
基坑顶标高234,,494599.743,4038484.536,33.985
基坑顶标高235,,494599.517,4038485.362,34.144
基坑顶标高236,,494599.037,4038487.517,34.005
基坑顶标高237,,494600.379,4038487.673,33.916
基坑顶标高238,,494600.542,4038486.433,33.768
基坑顶标高239,,494601.523,4038485.056,34.014
基坑顶标高240,,494602.472,4038484.464,33.528
基坑顶标高241,,494603.132,4038485.299,33.616
基坑顶标高242,,494603.994,4038484.838,33.664
基坑顶标高243,,494604.583,4038484.966,33.915
基坑顶标高244,,494605.170,4038485.022,34.224
基坑顶标高245,,494605.586,4038485.482,34.305
基坑顶标高246,,494605.844,4038487.039,33.931
基坑顶标高247,,494605.852,4038488.357,34.052
基坑顶标高248,,494606.704,4038488.690,34.397
基坑顶标高249,,494607.611,4038488.332,34.297
基坑顶标高250,,494608.175,4038487.134,34.072
基坑顶标高251,,494610.016,4038486.500,33.492
基坑顶标高252,,494610.056,4038486.369,33.593
基坑顶标高253,,494609.467,4038485.708,33.454
基坑顶标高254,,494609.181,4038486.014,33.529
基坑顶标高255,,494608.498,4038485.283,34.116
基坑顶标高256,,494608.109,4038484.565,34.070
基坑顶标高257,,494608.451,4038483.310,33.999
基坑顶标高258,,494608.785,4038482.361,34.264
基坑顶标高259,,494608.774,4038481.580,34.735
基坑顶标高260,,494608.845,4038481.353,34.868
基坑顶标高261,,494609.470,4038480.547,34.905
基坑顶标高262,,494610.233,4038480.731,34.850
基坑顶标高263,,494613.026,4038481.098,34.818
基坑顶标高264,,494613.414,4038481.262,35.056
基坑顶标高265,,494614.015,4038480.546,34.925
基坑顶标高266,,494614.024,4038480.187,35.112
基坑顶标高267,,494613.518,4038479.173,35.071
基坑顶标高268,,494612.269,4038478.713,34.906
基坑顶标高269,,494610.922,4038478.147,34.957
基坑顶标高270,,494609.888,4038476.685,34.700
基坑顶标高271,,494610.181,4038475.857,34.409
基坑顶标高272,,494610.410,4038474.064,34.391
基坑顶标高273,,494610.536,4038472.952,34.272
基坑顶标高274,,494610.586,4038471.799,34.439
基坑顶标高275,,494610.862,4038470.725,33.945
基坑顶标高276,,494611.006,4038469.247,34.023
基坑顶标高277,,494611.160,4038468.236,34.608
基坑顶标高278,,494611.933,4038467.393,34.710
基坑顶标高279,,494609.238,4038466.807,34.154
基坑顶标高280,,494609.064,4038467.304,34.170
基坑顶标高281,,494608.975,4038468.159,34.290
基坑顶标高282,,494609.187,4038469.213,34.090
基坑顶标高283,,494609.238,4038470.799,34.285
基坑顶标高284,,494608.340,4038472.243,33.607
基坑顶标高285,,494607.368,4038472.752,33.904
基坑顶标高286,,494607.437,4038474.212,33.737
基坑顶标高287,,494607.823,4038474.508,33.446
基坑顶标高288,,494608.423,4038473.550,33.750
基坑顶标高289,,494608.443,4038472.265,33.483
基坑顶标高290,,494608.893,4038473.212,34.272
基坑顶标高291,,494609.143,4038474.593,34.449
基坑顶标高292,,494609.143,4038475.618,34.388
基坑顶标高293,,494608.976,4038475.962,34.764
基坑顶标高294,,494607.573,4038476.974,34.855
基坑顶标高295,,494606.597,4038476.630,34.861
基坑顶标高296,,494605.775,4038476.368,34.819
基坑顶标高297,,494604.937,4038476.202,35.014
基坑顶标高298,,494603.783,4038476.370,34.967
基坑顶标高299,,494602.718,4038475.826,34.300
基坑顶标高300,,494602.094,4038475.625,34.278
基坑顶标高301,,494601.198,4038475.485,34.225
基坑顶标高302,,494614.101,4038482.483,34.470
基坑顶标高303,,494614.313,4038482.853,34.344
基坑顶标高304,,494614.716,4038482.813,34.470
基坑顶标高305,,494615.316,4038483.043,34.527
基坑顶标高306,,494615.523,4038483.777,33.656
基坑顶标高307,,494614.656,4038483.635,33.608
基坑顶标高308,,494613.895,4038483.361,33.567
基坑顶标高309,,494613.500,4038484.615,33.618
基坑顶标高310,,494613.882,4038484.911,33.661
基坑顶标高311,,494615.450,4038485.375,33.484
基坑顶标高312,,494614.330,4038485.760,34.175
基坑顶标高313,,494614.260,4038485.697,34.537
基坑顶标高314,,494613.594,4038486.479,34.941
基坑顶标高315,,494613.397,4038486.818,34.949
基坑顶标高316,,494613.303,4038487.181,34.695
基坑顶标高317,,494614.387,4038487.171,34.924
基坑顶标高318,,494614.825,4038486.873,34.921
基坑顶标高319,,494612.999,4038487.820,34.053
基坑顶标高320,,494612.836,4038488.041,34.168
基坑顶标高321,,494612.543,4038489.591,34.302
基坑顶标高322,,494612.626,4038490.189,34.163
基坑顶标高323,,494614.600,4038490.468,34.062
基坑顶标高324,,494614.752,4038490.163,34.326
基坑顶标高325,,494614.986,4038488.143,33.975
基坑顶标高326,,494615.596,4038487.551,33.522
基坑顶标高327,,494616.186,4038487.665,33.718
基坑顶标高328,,494617.485,4038487.692,33.448
基坑顶标高329,,494617.659,4038487.645,33.350
基坑顶标高330,,494618.369,4038488.483,33.768
基坑顶标高331,,494618.765,4038488.894,34.446
基坑顶标高332,,494620.165,4038489.516,34.448
基坑顶标高333,,494619.927,4038490.526,34.562
基坑顶标高334,,494619.642,4038490.565,34.686
基坑顶标高335,,494619.258,4038490.839,34.924
基坑顶标高336,,494619.424,4038491.218,35.236
基坑顶标高337,,494619.463,4038491.394,35.149
基坑顶标高338,,494619.140,4038492.260,35.372
基坑顶标高339,,494620.386,4038490.713,34.274
基坑顶标高340,,494620.470,4038491.413,34.240
基坑顶标高341,,494620.388,4038491.885,34.132
基坑顶标高342,,494620.952,4038492.725,34.158
基坑顶标高343,,494621.180,4038492.576,34.315
基坑顶标高344,,494622.011,4038492.938,34.170
基坑顶标高345,,494622.206,4038492.002,34.002
基坑顶标高346,,494622.303,4038491.692,34.122
基坑顶标高347,,494622.441,4038490.263,34.172
基坑顶标高348,,494622.338,4038489.074,34.166
基坑顶标高349,,494621.768,4038488.555,34.173
基坑顶标高350,,494620.426,4038488.717,35.089
基坑顶标高351,,494620.548,4038488.371,35.211
基坑顶标高352,,494620.858,4038487.182,35.174
基坑顶标高353,,494620.800,4038486.782,35.191
基坑顶标高354,,494620.669,4038486.498,35.110
基坑顶标高355,,494620.493,4038486.866,35.233
基坑顶标高356,,494620.208,4038487.905,35.073
基坑顶标高357,,494620.033,4038488.305,35.248
基坑顶标高358,,494620.481,4038485.881,34.607
基坑顶标高359,,494620.565,4038485.482,34.736
基坑顶标高360,,494621.205,4038485.281,34.785
基坑顶标高361,,494621.388,4038485.824,34.501
基坑顶标高362,,494621.404,4038485.231,35.029
基坑顶标高363,,494620.822,4038484.188,35.150
基坑顶标高364,,494620.957,4038483.717,35.208
基坑顶标高365,,494620.314,4038482.820,35.048
基坑顶标高366,,494618.824,4038482.113,35.138
基坑顶标高367,,494616.730,4038481.558,34.870
基坑顶标高368,,494616.751,4038480.759,34.909
基坑顶标高369,,494617.098,4038479.698,34.667
基坑顶标高370,,494618.201,4038479.754,34.806
基坑顶标高371,,494618.638,4038479.832,34.945
基坑顶标高372,,494619.902,4038479.851,34.958
基坑顶标高373,,494621.524,4038479.128,34.613
基坑顶标高374,,494622.091,4038476.767,34.318
基坑顶标高375,,494622.678,4038474.447,34.665
基坑顶标高376,,494622.449,4038472.213,34.322
基坑顶标高377,,494622.556,4038472.057,34.393
基坑顶标高378,,494623.690,4038470.003,34.546
基坑顶标高379,,494625.788,4038470.495,34.274
基坑顶标高380,,494625.151,4038472.116,34.442
基坑顶标高381,,494625.054,4038473.969,34.361
基坑顶标高382,,494624.974,4038476.570,34.218
基坑顶标高383,,494624.699,4038477.845,34.504
基坑顶标高384,,494624.470,4038479.557,34.313
基坑顶标高385,,494624.060,4038480.901,35.025
基坑顶标高386,,494625.732,4038481.111,34.873
基坑顶标高387,,494627.071,4038481.304,34.952
基坑顶标高388,,494628.106,4038481.955,34.932
基坑顶标高389,,494627.890,4038483.246,34.906
基坑顶标高390,,494627.614,4038483.720,35.107
基坑顶标高391,,494627.251,4038483.729,35.402
基坑顶标高392,,494626.503,4038483.521,34.933
基坑顶标高393,,494625.138,4038483.376,35.186
基坑顶标高394,,494624.660,4038483.556,35.080
基坑顶标高395,,494624.397,4038483.506,35.258
基坑顶标高396,,494629.207,4038481.927,34.064
基坑顶标高397,,494630.353,4038482.285,34.232
基坑顶标高398,,494630.136,4038483.192,34.181
基坑顶标高399,,494629.695,4038484.452,34.236
基坑顶标高400,,494628.518,4038485.160,34.113
基坑顶标高401,,494628.263,4038486.188,34.324
基坑顶标高402,,494628.830,4038486.668,34.130
基坑顶标高403,,494629.750,4038486.738,34.286
基坑顶标高404,,494629.936,4038486.621,34.256
基坑顶标高405,,494630.849,4038485.223,34.985
基坑顶标高406,,494627.291,4038489.620,34.655
基坑顶标高407,,494626.948,4038490.281,35.060
基坑顶标高408,,494628.761,4038490.628,35.014
基坑顶标高409,,494629.262,4038489.784,34.736
基坑顶标高410,,494628.852,4038489.699,34.823
基坑顶标高411,,494627.912,4038490.367,35.206
基坑顶标高412,,494629.251,4038491.664,34.055
基坑顶标高413,,494628.856,4038493.029,34.241
基坑顶标高414,,494627.764,4038492.504,34.028
基坑顶标高415,,494626.666,4038491.244,34.095
基坑顶标高416,,494626.264,4038492.575,34.158
基坑顶标高417,,494630.439,4038490.945,33.718
基坑顶标高418,,494630.496,4038490.635,33.575
基坑顶标高419,,494631.263,4038491.470,33.657
基坑顶标高420,,494631.525,4038491.240,33.749
基坑顶标高421,,494631.917,4038490.939,33.617
基坑顶标高422,,494632.749,4038491.456,33.966
基坑顶标高423,,494633.317,4038491.143,33.350
基坑顶标高424,,494633.708,4038490.980,33.546
基坑顶标高425,,494636.074,4038491.823,34.104
基坑顶标高426,,494636.481,4038492.403,34.177
基坑顶标高427,,494636.939,4038492.669,34.338
基坑顶标高428,,494638.194,4038492.655,34.397
基坑顶标高429,,494638.696,4038492.668,34.811
基坑顶标高430,,494639.614,4038492.697,34.924
基坑顶标高431,,494640.364,4038493.297,35.019
基坑顶标高432,,494640.360,4038493.328,35.129
基坑顶标高433,,494640.394,4038494.298,35.029
基坑顶标高434,,494640.186,4038495.003,34.624
基坑顶标高435,,494640.105,4038495.771,34.296
基坑顶标高436,,494640.594,4038495.831,34.829
基坑顶标高437,,494641.339,4038495.585,34.725
基坑顶标高438,,494642.957,4038495.656,34.522
基坑顶标高439,,494643.018,4038496.239,34.596
基坑顶标高440,,494642.979,4038495.497,34.988
基坑顶标高441,,494643.119,4038494.602,35.099
基坑顶标高442,,494643.499,4038493.790,35.130
基坑顶标高443,,494644.293,4038493.597,34.902
基坑顶标高444,,494645.266,4038493.735,34.317
基坑顶标高445,,494645.410,4038493.843,34.312
基坑顶标高446,,494646.146,4038493.810,34.898
基坑顶标高447,,494647.398,4038493.936,34.829
基坑顶标高448,,494648.663,4038494.178,34.804
基坑顶标高449,,494649.117,4038494.205,34.807
基坑顶标高450,,494649.581,4038494.026,34.636
基坑顶标高451,,494649.074,4038493.585,34.790
基坑顶标高452,,494648.278,4038493.479,34.794
基坑顶标高453,,494647.399,4038493.409,35.000
基坑顶标高454,,494646.246,4038493.172,34.622
基坑顶标高455,,494645.963,4038493.117,34.444
基坑顶标高456,,494644.925,4038492.977,34.775
基坑顶标高457,,494643.975,4038492.707,34.896
基坑顶标高458,,494643.660,4038492.381,35.155
基坑顶标高459,,494642.918,4038491.828,35.160
基坑顶标高460,,494641.741,4038491.371,35.114
基坑顶标高461,,494641.177,4038491.936,34.941
基坑顶标高462,,494643.466,4038491.141,34.517
基坑顶标高463,,494643.951,4038490.509,34.374
基坑顶标高464,,494643.362,4038490.349,34.781
基坑顶标高465,,494642.081,4038490.151,34.578
基坑顶标高466,,494641.513,4038490.119,34.312
基坑顶标高467,,494642.301,4038489.772,34.547
基坑顶标高468,,494642.563,4038489.527,34.488
基坑顶标高469,,494642.990,4038488.540,34.484
基坑顶标高470,,494643.001,4038488.066,34.504
基坑顶标高471,,494643.775,4038488.089,34.817
基坑顶标高472,,494643.541,4038488.371,35.092
基坑顶标高473,,494643.581,4038489.259,35.034
基坑顶标高474,,494643.972,4038489.834,34.731
基坑顶标高475,,494644.185,4038489.524,34.900
基坑顶标高476,,494644.325,4038489.090,34.793
基坑顶标高477,,494644.824,4038488.638,35.137
基坑顶标高478,,494645.939,4038488.507,34.760
基坑顶标高479,,494645.824,4038488.287,35.055
基坑顶标高480,,494645.641,4038488.111,34.970
基坑顶标高481,,494644.545,4038487.964,34.861
基坑顶标高482,,494642.899,4038488.021,34.809
基坑顶标高483,,494641.578,4038487.813,34.803
基坑顶标高484,,494641.588,4038488.067,35.014
基坑顶标高485,,494641.669,4038488.448,35.061
基坑顶标高486,,494641.618,4038489.137,34.854
基坑顶标高487,,494642.254,4038488.654,34.918
基坑顶标高488,,494643.764,4038487.155,33.829
基坑顶标高489,,494644.458,4038487.125,34.109
基坑顶标高490,,494645.237,4038487.361,33.945
基坑顶标高491,,494646.423,4038487.906,34.320
基坑顶标高492,,494646.645,4038488.383,34.289
基坑顶标高493,,494647.217,4038488.105,34.469
基坑顶标高494,,494647.344,4038487.568,33.976
基坑顶标高495,,494647.516,4038485.876,34.094
基坑顶标高496,,494647.955,4038484.546,33.793
基坑顶标高497,,494647.751,4038484.002,33.881
基坑顶标高498,,494646.504,4038483.139,34.147
基坑顶标高499,,494646.006,4038482.002,33.951
基坑顶标高500,,494646.488,4038480.463,34.095
基坑顶标高501,,494647.420,4038479.211,33.815
基坑顶标高502,,494647.829,4038479.249,33.991
基坑顶标高503,,494649.153,4038479.094,33.940
基坑顶标高504,,494648.968,4038478.699,34.007
基坑顶标高505,,494648.750,4038477.072,34.085
基坑顶标高506,,494649.372,4038474.693,33.749
基坑顶标高507,,494649.048,4038474.094,33.833
基坑顶标高508,,494648.279,4038471.903,33.730
基坑顶标高509,,494648.561,4038470.236,34.001
基坑顶标高510,,494647.997,4038470.301,33.990
基坑顶标高511,,494646.435,4038469.645,33.805
基坑顶标高512,,494646.185,4038469.987,34.063
基坑顶标高513,,494645.294,4038472.644,33.944
基坑顶标高514,,494645.060,4038472.952,33.991
基坑顶标高515,,494644.099,4038473.394,34.170
基坑顶标高516,,494642.761,4038473.415,33.717
基坑顶标高517,,494641.505,4038473.388,34.515
基坑顶标高518,,494641.335,4038473.376,34.515
基坑顶标高519,,494640.825,4038473.342,34.649
基坑顶标高520,,494640.178,4038473.357,34.161
基坑顶标高521,,494640.024,4038473.433,34.642
基坑顶标高522,,494638.236,4038473.098,34.847
基坑顶标高523,,494637.385,4038473.411,34.718
基坑顶标高524,,494636.947,4038474.765,34.724
基坑顶标高525,,494636.885,4038474.977,34.715
基坑顶标高526,,494637.030,4038476.100,34.928
基坑顶标高527,,494637.972,4038476.745,34.666
基坑顶标高528,,494638.681,4038476.403,34.657
基坑顶标高529,,494639.250,4038476.479,34.696
基坑顶标高530,,494640.040,4038476.553,34.444
基坑顶标高531,,494640.436,4038476.300,34.568
基坑顶标高532,,494640.587,4038476.106,34.666
基坑顶标高533,,494640.813,4038476.842,34.263
基坑顶标高534,,494640.938,4038477.318,34.137
基坑顶标高535,,494641.875,4038477.705,34.040
基坑顶标高536,,494643.092,4038478.474,33.986
基坑顶标高537,,494643.406,4038479.605,33.915
基坑顶标高538,,494643.121,4038480.978,34.130
基坑顶标高539,,494642.479,4038482.041,33.985
基坑顶标高540,,494641.423,4038482.332,34.153
基坑顶标高541,,494640.313,4038482.134,34.067
基坑顶标高542,,494639.739,4038482.289,34.625
基坑顶标高543,,494638.844,4038482.970,34.704
基坑顶标高544,,494638.705,4038483.539,34.859
基坑顶标高545,,494638.424,4038484.586,34.915
基坑顶标高546,,494638.318,4038484.950,34.741
基坑顶标高547,,494638.111,4038486.133,34.784
基坑顶标高548,,494637.995,4038486.342,34.850
基坑顶标高549,,494637.475,4038486.416,34.495
基坑顶标高550,,494637.033,4038486.314,34.751
基坑顶标高551,,494637.165,4038485.571,34.755
基坑顶标高552,,494637.441,4038484.626,34.681
基坑顶标高553,,494637.937,4038483.534,34.689
基坑顶标高554,,494638.164,4038482.953,34.407
基坑顶标高555,,494637.948,4038482.127,34.462
基坑顶标高556,,494637.492,4038482.181,34.772
基坑顶标高557,,494637.146,4038482.218,34.943
基坑顶标高558,,494636.920,4038482.219,34.988
基坑顶标高559,,494635.722,4038482.155,34.809
基坑顶标高560,,494635.269,4038482.270,34.947
基坑顶标高561,,494634.249,4038482.775,34.852
基坑顶标高562,,494633.046,4038482.812,35.045
基坑顶标高563,,494631.746,4038482.684,34.820
基坑顶标高564,,494631.496,4038483.174,35.033
基坑顶标高565,,494631.075,4038484.235,35.074
基坑顶标高566,,494631.526,4038485.281,34.991
基坑顶标高567,,494631.982,4038485.333,35.121
基坑顶标高568,,494633.359,4038485.745,35.119
基坑顶标高569,,494634.321,4038485.837,35.150
基坑顶标高570,,494635.628,4038486.163,34.871
基坑顶标高571,,494636.399,4038485.450,34.863
基坑顶标高572,,494636.311,4038484.562,35.132
基坑顶标高573,,494634.672,4038480.442,33.178
基坑顶标高574,,494635.580,4038479.402,33.006
基坑顶标高575,,494635.804,4038479.126,33.100
基坑顶标高576,,494636.537,4038478.261,33.604
基坑顶标高577,,494636.391,4038477.590,33.516
基坑顶标高578,,494596.964,4038461.291,31.983
基坑顶标高579,,494587.936,4038484.481,34.818
基坑顶标高580,,494526.938,4038545.538,39.110
基坑顶标高581,,494323.757,4038333.677,31.401
基坑顶标高582,,494323.356,4038333.576,32.224
基坑顶标高583,,494325.589,4038324.423,30.075
基坑顶标高584,,494325.168,4038324.284,30.892
基坑顶标高585,,494326.845,4038317.633,29.396
基坑顶标高586,,494326.480,4038317.479,30.234
基坑顶标高587,,494331.142,4038294.946,28.396
基坑顶标高588,,494330.876,4038294.911,29.243
基坑顶标高589,,494333.738,4038282.980,28.470
基坑顶标高590,,494333.738,4038282.980,28.470
基坑顶标高591,,494333.354,4038283.009,29.328
基坑顶标高592,,494335.702,4038274.003,28.554
基坑顶标高593,,494335.280,4038273.920,29.389
基坑顶标高594,,494337.866,4038263.769,28.782
基坑顶标高595,,494337.380,4038263.607,29.574
基坑顶标高596,,494339.885,4038253.657,28.933
基坑顶标高597,,494339.516,4038253.524,29.783
基坑顶标高598,,494342.361,4038242.234,29.287
基坑顶标高599,,494341.913,4038242.138,30.078
基坑顶标高600,,494344.407,4038232.437,29.578
基坑顶标高601,,494343.992,4038232.167,30.359
基坑顶标高602,,494346.447,4038222.692,29.727
基坑顶标高603,,494346.199,4038222.247,30.419
基坑顶标高604,,494349.575,4038208.631,29.438
基坑顶标高605,,494349.078,4038208.554,30.297
基坑顶标高606,,494534.628,4038447.258,36.788
基坑顶标高607,,494319.543,4038768.732,26.358
206厂1场平,,494590.235,4038551.308,37.030
206场平1,,494589.745,4038550.883,36.932
206场平2,,494589.485,4038550.740,36.934
206场平3,,494600.404,4038433.834,33.660
206场平4,,494598.529,4038440.950,34.184
206场平5,,494594.293,4038456.711,34.480
206场平6,,494600.901,4038457.019,34.817
206场平7,,494603.600,4038447.592,34.713
206场平8,,494606.141,4038436.466,34.217
206场平9,,494618.153,4038438.939,34.357
206场平10,,494617.477,4038444.985,34.461
206场平11,,494614.080,4038460.347,34.657
206场平12,,494627.503,4038463.490,34.511
206场平13,,494630.244,4038454.021,34.560
206场平14,,494631.673,4038442.957,34.875
206场平15,,494632.917,4038443.161,34.888
206场平16,,494634.662,4038442.913,34.844
206场平17,,494630.633,4038448.154,34.939
206场平18,,494629.842,4038452.795,34.493
206场平19,,494629.769,4038462.111,34.540
206场平20,,494635.984,4038464.656,34.504
206场平21,,494639.946,4038455.605,34.712
206场平22,,494645.332,4038444.562,34.725
206场平23,,494660.206,4038446.399,35.140
206场平24,,494657.822,4038453.212,34.714
206场平25,,494653.721,4038466.863,34.871
206场平26,,494663.164,4038471.240,34.989
206场平27,,494677.706,4038473.795,35.382
206场平28,,494676.954,4038465.851,35.152
206场平29,,494670.993,4038463.443,35.191
206场平30,,494664.047,4038461.060,34.912
206场平31,,494666.878,4038449.862,34.655
206场平32,,494679.085,4038452.842,34.917
206场平33,,494681.735,4038464.159,35.169
206场平34,,494701.360,4038456.661,35.526
206场平35,,494697.082,4038469.268,35.582
206场平36,,494698.318,4038481.135,35.732
206场平37,,494691.388,4038480.418,35.405
206场平38,,494685.214,4038478.673,35.332
206场平39,,494681.490,4038478.933,35.205
206场平40,,494681.479,4038485.843,35.150
206场平41,,494677.239,4038488.251,35.374
206场平42,,494666.763,4038484.650,35.225
206场平43,,494659.834,4038482.986,35.192
206场平44,,494653.280,4038482.678,35.168
206场平45,,494652.110,4038488.137,35.233
206场平46,,494651.412,4038499.606,35.091
206场平47,,494656.637,4038500.693,35.191
206场平48,,494666.393,4038498.200,35.314
206场平49,,494675.561,4038502.192,34.918
206场平50,,494682.758,4038507.498,35.063
206场平51,,494695.067,4038514.149,35.148
206场平52,,494693.277,4038520.901,35.105
206场平53,,494685.272,4038518.221,34.989
206场平54,,494680.914,4038515.554,35.037
206场平55,,494677.814,4038521.214,34.852
206场平56,,494675.233,4038526.012,34.938
206场平57,,494689.636,4038536.009,35.077
206场平58,,494673.857,4038533.917,35.196
206场平59,,494669.513,4038541.697,35.080
206场平60,,494681.565,4038557.027,35.204
206场平61,,494672.051,4038557.049,34.855
206场平62,,494666.508,4038555.965,34.866
206场平63,,494663.781,4038554.693,35.077
206场平64,,494657.778,4038553.242,34.920
206场平65,,494653.496,4038552.094,35.003
206场平66,,494658.504,4038546.455,35.061
206场平67,,494658.903,4038541.239,35.031
206场平68,,494660.921,4038533.782,34.930
206场平69,,494660.845,4038527.898,34.923
206场平70,,494649.515,4038525.433,35.115
206场平71,,494646.422,4038529.849,35.021
206场平72,,494637.349,4038524.629,35.065
206场平73,,494635.521,4038528.739,34.952
206场平74,,494633.458,4038547.605,35.068
206场平75,,494615.240,4038548.028,34.801
206场平76,,494618.135,4038536.845,34.930
206场平77,,494622.485,4038520.920,34.834
206场平78,,494609.834,4038515.769,34.497
206场平79,,494604.599,4038526.274,34.621
206场平80,,494605.062,4038532.068,34.707
206场平81,,494600.683,4038547.150,34.621
206场平82,,494595.759,4038533.154,34.670
206场平83,,494583.534,4038543.461,34.601
206场平84,,494581.421,4038540.065,34.586
206场平85,,494579.873,4038532.116,34.814
206场平86,,494577.914,4038510.194,34.942
206场平87,,494568.037,4038509.058,34.719
206场平88,,494564.603,4038515.185,34.707
206场平89,,494558.562,4038524.789,34.833
206场平90,,494553.964,4038537.219,35.096
206场平91,,494546.526,4038535.476,34.856
206场平92,,494537.493,4038532.903,34.815
206场平93,,494532.807,4038531.703,34.968
206场平94,,494536.309,4038527.425,34.599
206场平95,,494535.154,4038518.927,34.481
206场平96,,494535.343,4038513.541,34.847
206场平97,,494540.440,4038515.724,34.835
206场平98,,494544.235,4038517.611,34.580
206场平99,,494547.524,4038518.241,34.537
206场平100,,494557.605,4038519.359,34.591
206场平101,,494561.396,4038510.714,34.777
206场平102,,494550.195,4038504.736,34.561
206场平103,,494538.748,4038500.827,34.753
206场平104,,494541.085,4038493.776,34.784
206场平105,,494545.891,4038493.971,34.615
206场平106,,494545.925,4038477.852,34.797
206场平107,,494548.834,4038468.441,34.815
206场平108,,494549.887,4038460.422,35.049
206场平109,,494552.519,4038446.909,34.712
206场平110,,494556.443,4038435.778,34.544
206场平111,,494565.485,4038437.412,33.765
206场平112,,494563.881,4038443.567,34.284
206场平113,,494561.725,4038448.121,34.391
206场平114,,494560.007,4038454.275,34.828
206场平115,,494558.214,4038463.428,35.103
206场平116,,494556.747,4038474.627,34.808
206场平117,,494555.499,4038485.194,34.806
206场平118,,494554.121,4038491.358,34.873
206场平119,,494562.125,4038498.833,34.751
206场平120,,494563.563,4038494.150,34.536
206场平121,,494558.817,4038482.429,34.722
206场平122,,494570.284,4038467.111,35.033
206场平123,,494571.072,4038469.402,34.886
206场平124,,494570.427,4038472.633,35.053
206场平125,,494570.231,4038478.751,34.942
206场平126,,494575.623,4038486.892,34.625
206场平127,,494574.964,4038491.655,34.953
206场平128,,494574.758,4038494.420,34.653
206场平129,,494578.915,4038496.566,34.823
206场平130,,494584.968,4038498.192,34.769
206场平131,,494588.495,4038498.820,34.898
206场平132,,494593.136,4038498.670,34.892
206场平133,,494597.017,4038496.547,34.999
206场平134,,494610.718,4038500.603,34.942
206场平135,,494615.972,4038501.026,34.999
206场平136,,494640.161,4038507.246,35.146
206场平137,,494649.288,4038511.660,34.851
206场平138,,494649.396,4038500.156,34.908
206场平139,,494643.827,4038499.770,35.121
206场平140,,494636.244,4038498.041,34.954
206场平141,,494626.418,4038495.664,35.007
206场平142,,494618.366,4038493.956,35.012
206场平143,,494610.732,4038492.715,34.956
206场平144,,494605.227,4038491.831,34.921
206场平145,,494597.198,4038489.676,34.883
206场平146,,494591.331,4038489.108,34.914
206场平147,,494583.193,4038431.079,32.946
206场平148,,494584.048,4038436.754,33.276
206场平149,,494583.506,4038443.094,33.608
206场平150,,494583.159,4038451.747,34.182
206场平151,,494582.105,4038456.542,34.637
206场平152,,494579.588,4038465.419,34.805
206场平153,,494578.880,4038469.190,34.764
206场平154,,494585.361,4038483.174,34.780
206场平155,,494586.912,4038475.338,34.906
206场平156,,494588.394,4038469.432,34.841
206场平157,,494587.948,4038463.101,34.604
206场平158,,494590.066,4038458.564,34.394
206场平159,,494592.120,4038455.356,34.502
206场平160,,494584.497,4038448.354,33.976
206场平161,,494584.076,4038445.591,33.745
206场平162,,494584.209,4038441.885,33.390
206场平163,,494584.289,4038439.143,33.345
206场平164,,494579.818,4038434.010,32.757
206场平165,,494576.495,4038432.874,32.765
206场平166,,494575.450,4038429.586,32.538
206场平167,,494573.226,4038428.732,32.548
206场平168,,494569.709,4038427.942,32.257
206场平169,,494566.313,4038427.178,32.135
206场平170,,494560.045,4038424.857,31.977
206场平171,,494556.153,4038423.787,32.129
206场平172,,494551.161,4038422.194,31.946
206场平173,,494529.806,4038416.694,31.844
206场平174,,494526.138,4038416.890,31.856
206场平175,,494521.014,4038415.946,31.788
206场平176,,494516.439,4038414.981,32.044
206场平177,,494510.156,4038414.210,32.140
206场平178,,494505.836,4038413.626,32.289
206场平179,,494564.124,4038429.310,32.065
206场平180,,494565.910,4038431.064,32.366
206场平181,,494568.033,4038432.623,32.894
206场平182,,494570.359,4038434.673,33.374
206场平183,,494569.626,4038438.521,33.830
206场平184,,494570.437,4038440.349,33.901
206场平185,,494571.650,4038446.656,33.694
206场平186,,494574.190,4038444.251,33.152
206场平187,,494572.376,4038437.431,32.736
206场平188,,494568.640,4038436.339,33.739
206场平189,,494565.344,4038436.739,33.978
206场平190,,494560.542,4038435.178,34.162
206场平191,,494557.961,4038434.152,34.329
206场平192,,494553.154,4038432.808,34.213
206场平193,,494550.047,4038432.251,34.473
206场平194,,494548.708,4038434.957,34.280
206场平195,,494548.805,4038437.400,34.845
206场平196,,494547.801,4038442.016,34.643
206场平197,,494546.751,4038445.509,34.915
206场平198,,494546.058,4038448.863,35.475
206场平199,,494544.683,4038452.852,35.069
206场平200,,494542.461,4038458.347,35.097
206场平201,,494540.641,4038463.841,35.267
206场平202,,494540.029,4038468.632,35.307
206场平203,,494537.934,4038473.543,35.199
206场平204,,494535.465,4038478.222,35.310
206场平205,,494533.712,4038482.224,35.211
206场平206,,494533.174,4038487.747,35.641
206场平207,,494532.295,4038490.912,35.729
206场平208,,494531.248,4038494.332,35.753
206场平209,,494530.302,4038497.966,35.642
206场平210,,494527.288,4038506.909,35.304
206场平211,,494521.921,4038506.656,35.175
206场平212,,494516.362,4038505.135,35.203
206场平213,,494518.883,4038491.908,34.880
206场平214,,494522.570,4038490.740,34.829
206场平215,,494528.923,4038489.405,34.774
206场平216,,494529.850,4038485.017,34.520
206场平217,,494528.281,4038480.864,34.205
206场平218,,494523.005,4038477.419,34.081
206场平219,,494523.533,4038470.517,33.731
206场平220,,494528.581,4038468.872,33.409
206场平221,,494533.688,4038469.745,33.587
206场平222,,494535.386,4038465.891,33.551
206场平223,,494532.774,4038460.502,33.101
206场平224,,494528.027,4038457.153,32.864
206场平225,,494528.203,4038450.419,32.880
206场平226,,494532.389,4038449.667,32.708
206场平227,,494537.662,4038449.688,32.836
206场平228,,494540.199,4038442.460,32.144
206场平229,,494536.728,4038439.650,32.004
206场平230,,494531.518,4038436.497,32.128
206场平231,,494533.231,4038426.758,31.738
206场平232,,494537.193,4038428.523,31.730
206场平233,,494542.498,4038429.229,31.938
206场平234,,494514.381,4038515.316,36.083
206场平235,,494512.317,4038524.339,36.485
206场平236,,494515.138,4038526.556,36.439
206场平237,,494519.551,4038526.774,36.552
206场平238,,494522.707,4038519.660,36.074
206场平239,,494520.777,4038518.947,36.057
206场平240,,494509.009,4038529.241,36.833
206场平241,,494502.218,4038528.620,36.870
206场平242,,494495.048,4038525.578,36.680
206场平243,,494490.850,4038523.148,36.766
206场平244,,494494.091,4038510.644,36.799
206场平245,,494499.197,4038509.431,37.033
206场平246,,494511.019,4038505.919,37.061
206场平247,,494513.895,4038497.072,36.979
206场平248,,494510.531,4038493.818,37.066
206场平249,,494504.408,4038491.269,37.017
206场平250,,494498.128,4038487.659,36.875
206场平251,,494500.790,4038476.182,36.798
206场平252,,494506.747,4038477.982,37.160
206场平253,,494518.533,4038476.679,36.896
206场平254,,494520.555,4038466.609,36.820
206场平255,,494516.726,4038462.928,36.847
206场平256,,494514.576,4038462.516,37.059
206场平257,,494511.485,4038461.187,37.013
206场平258,,494504.276,4038456.588,36.909
206场平259,,494506.639,4038448.138,36.805
206场平260,,494511.834,4038448.418,36.936
206场平261,,494524.349,4038448.646,36.718
206场平262,,494526.267,4038439.233,36.780
206场平263,,494519.460,4038436.017,36.666
206场平264,,494513.218,4038434.434,36.756
206场平265,,494516.088,4038426.436,36.602
206场平266,,494528.082,4038429.321,36.257
206场平267,,494523.200,4038432.368,36.618
206场平268,,494518.572,4038443.320,36.809
206场平269,,494516.283,4038452.212,37.097
206场平270,,494514.045,4038471.752,36.790
206场平271,,494511.145,4038478.294,37.031
206场平272,,494508.815,4038484.859,37.095
206场平273,,494507.133,4038491.693,37.140
206场平274,,494505.365,4038498.452,36.943
206场平275,,494503.094,4038508.086,36.883
206场平276,,494493.548,4038530.185,36.662
206场平277,,494487.188,4038540.688,36.608
206场平278,,494482.960,4038551.533,36.487
206场平279,,494479.850,4038559.308,36.633
206场平280,,494486.157,4038561.493,37.024
206场平281,,494495.751,4038559.459,36.906
206场平282,,494499.647,4038553.780,36.691
206场平283,,494502.689,4038546.074,36.760
206场平284,,494506.165,4038537.115,36.947
206场平285,,494507.728,4038533.587,36.930
206场平286,,494520.570,4038537.404,36.965
206场平287,,494521.776,4038542.308,36.819
206场平288,,494521.772,4038549.364,37.129
206场平289,,494521.564,4038554.986,37.029
206场平290,,494523.630,4038562.691,36.948
206场平291,,494532.278,4038563.371,37.102
206场平292,,494533.595,4038560.794,37.067
206场平293,,494533.440,4038554.744,36.959
206场平294,,494533.089,4038552.272,36.961
206场平295,,494533.734,4038546.322,36.794
206场平296,,494536.744,4038538.172,36.789
206场平297,,494546.813,4038540.266,37.117
206场平298,,494545.321,4038547.103,37.031
206场平299,,494546.144,4038565.512,36.852
206场平300,,494554.231,4038566.641,36.782
206场平301,,494557.468,4038560.756,36.832
206场平302,,494563.452,4038543.465,37.252
206场平303,,494580.323,4038547.236,37.218
206场平304,,494580.554,4038555.400,36.991
206场平305,,494583.317,4038569.101,36.874
206场平306,,494598.274,4038571.468,36.802
206场平307,,494601.735,4038563.944,36.946
206场平308,,494604.442,4038552.633,37.124
206场平309,,494615.931,4038554.127,37.147
206场平310,,494618.426,4038562.769,37.148
206场平311,,494622.000,4038574.179,37.696
206场平312,,494635.307,4038578.765,37.579
206场平313,,494639.847,4038571.243,37.476
206场平314,,494643.445,4038556.590,37.791
206场平315,,494659.271,4038559.006,37.591
206场平316,,494658.950,4038569.767,37.461
206场平317,,494660.587,4038585.592,37.864
206场平318,,494676.107,4038562.683,37.493
206场平319,,494684.568,4038562.216,37.858
206场平320,,494683.317,4038572.214,38.004
206场平321,,494679.726,4038589.240,37.909
206场平322,,494701.088,4038593.164,38.566
206场平323,,494708.198,4038583.392,38.591
206场平324,,494708.652,4038574.788,37.969
206场平325,,494703.182,4038571.511,37.934
206场平326,,494697.465,4038569.444,38.079
206场平327,,494690.646,4038566.594,38.051
206场平328,,494689.089,4038557.441,38.012
206场平329,,494691.296,4038551.161,37.849
206场平330,,494692.766,4038545.318,38.039
206场平331,,494697.755,4038545.219,37.994
206场平332,,494705.899,4038546.359,38.128
206场平333,,494707.301,4038542.442,37.938
206场平334,,494701.773,4038540.432,37.999
206场平335,,494696.403,4038536.447,38.195
206场平336,,494697.582,4038525.620,37.966
206场平337,,494702.234,4038525.375,38.009
206场平338,,494709.384,4038526.498,37.965
206场平339,,494700.842,4038514.125,37.518
206场平340,,494714.996,4038507.082,37.091
206场平341,,494717.589,4038491.582,36.940
206场平342,,494705.144,4038479.700,37.064
206场平343,,494705.251,4038476.285,36.956
206场平344,,494704.835,4038463.187,36.800
206场平345,,494706.384,4038458.760,36.649
206场平346,,494711.319,4038457.670,36.946
206场平347,,494728.621,4038459.046,37.651
206场平348,,494733.226,4038460.108,37.672
206场平349,,494742.258,4038463.719,38.317
206场平350,,494747.274,4038469.696,39.939
206场平351,,494746.599,4038474.110,40.011
206场平352,,494745.807,4038476.237,40.115
206场平353,,494730.554,4038493.009,38.345
206场平354,,494725.490,4038489.202,37.611
206场平355,,494724.725,4038485.105,37.466
206场平356,,494717.903,4038483.381,37.088
206场平357,,494715.204,4038486.238,36.962
206场平358,,494713.258,4038489.894,37.018
206场平359,,494674.357,4038503.331,34.954
206场平360,,494672.113,4038508.954,34.749
206场平361,,494670.509,4038513.954,34.808
206场平362,,494669.403,4038521.707,35.008
206场平363,,494665.512,4038525.884,34.849
206场平364,,494659.999,4038528.786,34.911
206场平365,,494651.755,4038530.188,35.098
206场平366,,494646.753,4038529.212,35.084
206场平367,,494641.861,4038528.642,34.975
206场平368,,494638.045,4038528.308,34.996
206场平369,,494634.060,4038527.996,34.903
206场平370,,494630.267,4038528.910,34.871
206场平371,,494625.573,4038533.118,34.986
206场平372,,494626.447,4038559.287,37.209
206场平373,,494623.813,4038560.849,37.248
206场平374,,494620.134,4038560.435,37.167
206场平375,,494616.386,4038559.806,37.017
206场平376,,494610.097,4038559.083,37.172
206场平377,,494607.652,4038558.598,37.069
206场平378,,494603.876,4038558.091,36.972
206场平379,,494601.227,4038557.820,37.160
206场平380,,494597.473,4038557.404,37.084
206场平381,,494592.223,4038557.109,37.045
206场平382,,494589.562,4038556.731,37.219
206场平383,,494585.878,4038556.721,37.111
206场平384,,494582.062,4038556.762,37.003
206场平385,,494578.435,4038556.288,37.037
206场平386,,494574.289,4038556.190,37.062
206场平387,,494569.075,4038555.366,36.968
206场平388,,494562.426,4038554.919,36.785
206场平389,,494557.595,4038553.571,36.812
206场平390,,494551.526,4038551.597,36.715
206场平391,,494547.756,4038550.368,36.876
206场平392,,494543.094,4038548.731,36.882
206场平393,,494536.711,4038547.105,36.871
206场平394,,494533.189,4038546.835,37.007
206场平395,,494529.539,4038546.884,36.897
206场平396,,494525.515,4038547.622,37.120
206场平397,,494521.200,4038548.166,37.092
206场平398,,494517.578,4038547.311,37.013
206场平399,,494513.660,4038546.972,36.978
206场平400,,494509.939,4038546.341,36.979
206场平401,,494506.283,4038545.498,36.802
206场平402,,494496.906,4038541.204,36.541
206场平403,,494487.964,4038539.451,36.580
206场平404,,494526.158,4038573.552,41.898
206场平405,,494531.490,4038573.045,42.464
206场平406,,494537.484,4038571.408,42.907
206场平407,,494541.198,4038571.224,42.846
206场平408,,494548.769,4038571.840,43.113
206场平409,,494554.252,4038571.739,43.852
206场平410,,494558.519,4038573.026,43.986
206场平411,,494560.615,4038574.222,43.893
206场平412,,494616.179,4038596.810,56.838
206场平413,,494616.273,4038596.812,56.863
206场平414,,494643.820,4038600.509,56.484
206场平415,,494661.198,4038605.145,56.615
206场平416,,494670.591,4038606.911,56.621
206场平417,,494673.927,4038607.436,56.554
206场平418,,494676.202,4038607.463,56.614
206场平419,,494678.420,4038607.949,56.440
206场平420,,494680.688,4038608.293,56.503
206场平421,,494691.391,4038612.475,56.614
206场平422,,494694.447,4038613.134,56.553
206场平423,,494700.507,4038613.770,56.713
206场平424,,494703.633,4038613.658,56.520
206场平425,,494706.055,4038613.804,56.333
206场平426,,494710.072,4038614.421,56.283
206场平427,,494712.875,4038614.781,56.444
206场平428,,494719.758,4038615.502,56.817
206场平429,,494721.121,4038611.842,56.763
206场平430,,494721.339,4038609.960,56.566
206场平431,,494721.483,4038606.383,56.336
206场平432,,494722.121,4038602.262,56.077
206场平433,,494724.486,4038597.156,56.366
206场平434,,494726.202,4038592.675,56.316
206场平435,,494729.929,4038591.825,58.336
206场平436,,494728.215,4038587.662,57.695
206场平437,,494728.729,4038582.512,57.567
206场平438,,494730.122,4038577.401,58.287
206场平439,,494730.508,4038573.245,57.849
206场平440,,494728.804,4038567.349,57.821
206场平441,,494730.047,4038560.400,58.280
206场平442,,494730.492,4038558.162,58.209
206场平443,,494493.959,4038493.764,39.224
206场平444,,494494.455,4038487.402,39.007
206场平445,,494495.737,4038478.733,39.443
206场平446,,494495.065,4038474.568,39.623
206场平447,,494496.855,4038470.619,39.634
206场平448,,494497.403,4038468.435,39.507
206场平449,,494497.835,4038462.984,39.151
206场平450,,494499.127,4038459.555,39.428
206场平451,,494500.721,4038454.313,39.779
206场平452,,494502.606,4038448.106,39.316
206场平453,,494504.870,4038447.977,38.354
206场平454,,494494.599,4038494.627,38.969
206场平455,,494492.803,4038500.566,39.642
206场平456,,494491.929,4038502.712,39.853
206场平457,,494489.759,4038507.918,39.880
206场平458,,494487.788,4038513.200,40.226
206场平459,,494487.327,4038517.580,40.264