1,,494813.209000,4038968.388000,23.296000
2,,494958.796000,4038953.050000,11.255000
3,,494962.611000,4038955.915000,11.365000
4,,494964.929000,4038957.232000,11.398000
5,,494968.951000,4038959.420000,11.493000
6,,494973.954000,4038958.168000,11.374000
7,,494979.344000,4038959.869000,10.885000
8,,494985.260000,4038961.535000,10.529000
9,,494992.284000,4038962.819000,9.885000
10,,494998.330000,4038962.940000,9.470000
11,,495004.416000,4038969.344000,11.136000
12,,495010.579000,4038969.945000,11.279000
13,,495014.208000,4038971.598000,11.177000
14,,495018.050000,4038971.854000,11.048000
15,,495020.605000,4038972.214000,11.005000
16,,495028.025000,4038970.998000,11.181000
17,,495034.196000,4038972.359000,11.349000
18,,495042.409000,4038974.493000,11.250000
19,,495052.771000,4038977.359000,11.359000
20,,495059.185000,4038978.163000,10.901000
21,,495063.950000,4038978.808000,10.817000
22,,495069.760000,4038980.047000,10.725000
23,,495075.924000,4038975.646000,10.748000
24,,495076.804000,4038972.469000,10.799000
25,,495077.772000,4038967.650000,10.806000
26,,495079.476000,4038964.610000,11.112000
27,,495081.890000,4038960.240000,11.194000
28,,495084.308000,4038951.195000,10.999000
29,,495084.892000,4038948.827000,11.083000
30,,495086.580000,4038942.647000,11.111000
31,,495088.159000,4038934.357000,11.257000
32,,495091.308000,4038926.748000,11.069000
33,,495091.433000,4038916.761000,12.099000
34,,495092.163000,4038912.031000,11.954000
35,,495093.534000,4038907.732000,11.134000
36,,495093.552000,4038900.756000,11.279000
37,,495089.026000,4038894.953000,11.293000
38,,495091.264000,4038880.741000,11.364000
39,,495095.622000,4038876.589000,11.358000
40,,495097.587000,4038865.698000,11.209000
41,,495099.376000,4038857.741000,11.286000
42,,495099.311000,4038847.897000,11.462000
43,,495102.554000,4038842.695000,11.545000
44,,495108.454000,4038832.211000,11.588000
45,,495120.370000,4038825.353000,11.555000
46,,495125.590000,4038819.565000,11.346000
47,,495125.694000,4038817.654000,11.318000
48,,495126.089000,4038814.312000,11.375000
49,,495126.231000,4038811.931000,11.408000
50,,495124.198000,4038807.342000,11.738000
51,,495123.509000,4038805.452000,11.827000
52,,495122.112000,4038802.322000,11.831000
53,,495118.732000,4038798.473000,11.959000
54,,495118.456000,4038795.923000,12.018000
55,,495117.496000,4038790.790000,11.898000
56,,495115.836000,4038787.888000,12.106000
57,,495113.635000,4038785.546000,12.053000
58,,495109.071000,4038783.257000,12.134000
59,,495107.505000,4038783.537000,12.076000
60,,495105.824000,4038783.818000,12.068000
61,,495103.372000,4038783.218000,11.969000
62,,495100.559000,4038783.324000,11.949000
63,,495097.308000,4038781.794000,12.068000
64,,495095.879000,4038780.710000,12.028000
65,,495089.597000,4038783.021000,11.362000
66,,495085.812000,4038782.727000,11.561000
67,,495078.488000,4038781.406000,11.850000
68,,495076.291000,4038780.807000,11.913000
69,,495074.327000,4038780.634000,11.843000
70,,495072.296000,4038779.921000,11.802000
71,,495069.464000,4038780.027000,11.862000
72,,495069.189000,4038780.104000,11.888000
73,,495066.179000,4038779.969000,11.893000
74,,495064.491000,4038779.805000,12.099000
75,,495061.931000,4038779.250000,11.867000
76,,495059.418000,4038779.522000,11.746000
77,,495057.530000,4038779.958000,11.917000
78,,495055.557000,4038779.563000,11.951000
79,,495053.684000,4038779.248000,11.886000
80,,495052.233000,4038779.315000,11.786000
81,,495050.580000,4038779.335000,11.666000
82,,495049.653000,4038779.393000,11.699000
83,,495048.016000,4038779.357000,11.731000
84,,495045.608000,4038778.642000,11.683000
85,,495044.573000,4038778.335000,11.661000
86,,495042.655000,4038777.787000,11.800000
87,,495040.909000,4038777.326000,11.875000
88,,495039.245000,4038776.750000,11.890000
89,,495038.393000,4038776.523000,11.929000
90,,495036.736000,4038775.382000,11.707000
91,,495035.127000,4038774.599000,11.689000
92,,495033.575000,4038773.499000,11.687000
93,,495031.827000,4038773.146000,11.731000
94,,495030.436000,4038772.586000,11.614000
95,,495029.007000,4038771.920000,11.865000
96,,495026.634000,4038770.538000,11.902000
97,,495024.555000,4038770.029000,12.099000
98,,495022.851000,4038769.547000,12.043000
99,,495020.175000,4038768.964000,12.098000
100,,495017.563000,4038768.062000,12.144000
101,,495015.513000,4038767.422000,12.120000
102,,495014.120000,4038766.475000,12.166000
103,,495012.493000,4038765.759000,12.040000
104,,495010.173000,4038764.500000,12.043000
105,,495008.013000,4038763.260000,11.923000
106,,495006.762000,4038762.625000,12.154000
107,,495005.339000,4038762.296000,11.970000
108,,495003.222000,4038761.193000,11.940000
109,,495000.718000,4038760.381000,11.822000
110,,494999.048000,4038759.647000,12.068000
111,,494996.953000,4038758.569000,12.081000
112,,494993.518000,4038756.858000,11.867000
113,,494992.058000,4038756.202000,12.027000
114,,494989.247000,4038755.396000,11.814000
115,,494986.418000,4038754.437000,11.895000
116,,494984.460000,4038753.961000,11.979000
117,,494981.842000,4038753.345000,11.791000
118,,494979.675000,4038752.699000,11.995000
119,,494976.989000,4038752.348000,11.781000
120,,494975.089000,4038751.834000,11.980000
121,,494972.236000,4038751.644000,11.815000
122,,494969.440000,4038750.824000,11.777000
123,,494966.999000,4038750.210000,11.850000
124,,494964.260000,4038749.802000,11.759000
125,,494962.499000,4038749.336000,11.841000
126,,494960.139000,4038748.432000,11.817000
127,,494959.359000,4038748.208000,11.670000
128,,494957.363000,4038747.882000,11.807000
129,,494955.617000,4038747.220000,11.675000
130,,494951.776000,4038746.189000,11.929000
131,,494948.397000,4038745.162000,11.781000
132,,494944.801000,4038744.525000,11.837000
133,,494942.244000,4038744.436000,11.834000
134,,494939.512000,4038744.219000,11.879000
135,,494937.022000,4038743.550000,12.126000
136,,494934.707000,4038742.834000,12.084000
137,,494931.171000,4038741.435000,11.917000
138,,494929.436000,4038740.574000,12.048000
139,,494927.142000,4038739.477000,12.087000
140,,494923.485000,4038738.258000,11.929000
141,,494922.069000,4038738.146000,12.094000
142,,494919.387000,4038738.990000,11.987000
143,,494917.703000,4038738.775000,12.174000
144,,494915.719000,4038738.426000,11.879000
145,,494913.959000,4038738.812000,11.574000
146,,494912.265000,4038740.826000,11.852000
147,,494911.737000,4038741.513000,11.908000
148,,494910.919000,4038743.094000,12.185000
149,,494909.996000,4038744.805000,12.134000
150,,494909.266000,4038745.986000,12.319000
151,,494908.420000,4038747.654000,12.469000
152,,494906.779000,4038749.385000,12.392000
153,,494905.447000,4038750.588000,12.296000
154,,494902.117000,4038751.636000,12.590000
155,,494900.243000,4038752.500000,12.692000
156,,494897.999000,4038754.453000,12.518000
157,,494896.469000,4038755.458000,12.444000
158,,494895.512000,4038756.877000,12.503000
159,,494894.579000,4038757.863000,12.706000
160,,494892.957000,4038759.330000,12.489000
161,,494891.397000,4038760.462000,12.317000
162,,494889.815000,4038761.048000,12.327000
163,,494888.155000,4038763.164000,12.277000
164,,494887.259000,4038764.290000,12.514000
165,,494885.769000,4038766.291000,12.325000
166,,494884.330000,4038769.893000,12.335000
167,,494883.763000,4038771.368000,12.306000
168,,494883.636000,4038773.657000,12.090000
169,,494882.847000,4038775.414000,12.382000
170,,494881.047000,4038777.981000,12.161000
171,,494880.185000,4038780.170000,12.084000
172,,494880.268000,4038780.199000,12.032000
173,,494879.757000,4038781.701000,12.467000
174,,494879.021000,4038783.302000,12.421000
175,,494878.509000,4038784.883000,12.388000
176,,494878.664000,4038786.069000,11.940000
177,,494879.419000,4038787.943000,11.924000
178,,494880.988000,4038789.648000,11.587000
179,,494881.527000,4038790.548000,11.601000
180,,494882.151000,4038791.235000,11.499000
181,,494882.463000,4038794.357000,11.629000
182,,494882.719000,4038796.202000,11.676000
183,,494882.355000,4038798.451000,11.668000
184,,494882.362000,4038801.815000,11.505000
185,,494882.439000,4038804.231000,11.722000
186,,494882.173000,4038806.461000,11.912000
187,,494880.712000,4038809.771000,11.997000
188,,494880.081000,4038812.167000,12.122000
189,,494879.385000,4038814.816000,11.975000
190,,494878.280000,4038817.334000,11.991000
191,,494877.058000,4038820.530000,12.025000
192,,494876.184000,4038822.138000,11.586000
193,,494874.798000,4038824.908000,11.767000
194,,494874.020000,4038827.015000,11.729000
195,,494874.592000,4038828.904000,11.930000
196,,494875.057000,4038831.413000,11.779000
197,,494875.088000,4038832.775000,11.900000
198,,494874.462000,4038835.038000,11.922000
199,,494873.000000,4038839.288000,11.955000
200,,494872.549000,4038841.532000,12.074000
201,,494872.738000,4038844.695000,11.917000
202,,494872.296000,4038846.165000,12.009000
203,,494872.064000,4038848.155000,12.001000
204,,494871.468000,4038849.441000,11.871000
205,,494870.652000,4038850.826000,11.858000
206,,494870.095000,4038852.013000,11.907000
207,,494868.902000,4038854.867000,11.926000
208,,494867.841000,4038857.189000,12.079000
209,,494867.335000,4038859.761000,11.654000
210,,494866.922000,4038862.698000,11.822000
211,,494866.891000,4038864.092000,11.765000
212,,494866.248000,4038866.527000,11.820000
213,,494865.489000,4038868.247000,11.888000
214,,494864.999000,4038870.420000,11.693000
215,,494864.912000,4038871.976000,11.749000
216,,494864.381000,4038874.035000,11.807000
217,,494864.078000,4038876.248000,11.617000
218,,494864.025000,4038878.861000,11.504000
219,,494862.978000,4038881.277000,11.202000
220,,494862.794000,4038884.668000,11.291000
221,,494862.641000,4038886.075000,11.531000
222,,494862.413000,4038888.514000,11.460000
223,,494862.091000,4038890.356000,11.377000
224,,494861.437000,4038892.942000,11.160000
225,,494860.946000,4038894.461000,11.225000
226,,494860.619000,4038897.495000,11.037000
227,,494860.205000,4038899.492000,11.148000
228,,494860.047000,4038901.461000,11.301000
229,,494859.760000,4038903.694000,11.281000
230,,494859.683000,4038906.357000,11.457000
231,,494858.711000,4038908.451000,11.921000
232,,494858.358000,4038910.903000,11.909000
233,,494859.010000,4038913.315000,12.130000
234,,494859.144000,4038915.574000,11.733000
235,,494861.068000,4038917.286000,11.567000
236,,494863.799000,4038918.192000,12.060000
237,,494864.501000,4038920.359000,11.748000
238,,494864.517000,4038921.463000,11.657000
239,,494865.847000,4038923.153000,11.568000
240,,494866.317000,4038924.006000,11.890000
241,,494866.927000,4038924.778000,11.655000
242,,494867.791000,4038925.871000,11.660000
243,,494869.539000,4038927.653000,11.662000
244,,494871.146000,4038928.385000,11.809000
245,,494873.451000,4038929.154000,12.056000
246,,494874.622000,4038929.972000,11.607000
247,,494875.777000,4038931.761000,11.752000
248,,494878.200000,4038933.765000,12.301000
249,,494878.920000,4038934.737000,12.524000
250,,494881.181000,4038936.611000,12.647000
251,,494883.215000,4038937.051000,12.259000
252,,494885.286000,4038937.849000,11.973000
253,,494888.368000,4038940.319000,12.132000
254,,494889.904000,4038940.585000,12.065000
255,,494892.008000,4038941.171000,11.881000
256,,494894.788000,4038942.472000,11.685000
257,,494895.889000,4038943.868000,11.645000
258,,494897.417000,4038944.451000,11.981000
259,,494898.605000,4038945.207000,11.509000
260,,494902.363000,4038945.302000,12.039000
261,,494904.754000,4038945.501000,11.914000
262,,494906.920000,4038945.697000,12.108000
263,,494908.400000,4038946.104000,12.379000
264,,494910.455000,4038946.642000,12.666000
265,,494913.541000,4038946.937000,12.747000
266,,494915.083000,4038947.311000,12.522000
267,,494917.630000,4038948.087000,12.141000
268,,494920.238000,4038947.301000,11.803000
269,,494922.241000,4038947.444000,12.029000
270,,494924.978000,4038947.982000,11.731000
271,,494926.929000,4038948.208000,11.974000
272,,494929.145000,4038948.839000,11.922000
273,,494931.569000,4038949.644000,11.701000
274,,494934.277000,4038950.729000,11.670000
275,,494935.640000,4038951.750000,11.877000
276,,494938.582000,4038952.163000,11.615000
277,,494940.261000,4038952.049000,11.753000
278,,494942.763000,4038951.077000,11.601000
279,,494944.962000,4038951.262000,11.632000
280,,494948.032000,4038952.121000,11.653000
281,,494949.935000,4038952.935000,11.386000
282,,494952.292000,4038954.185000,11.302000
283,,494956.515000,4038954.382000,10.914000
284,,494957.422000,4038952.115000,11.079000
285,,494957.799000,4038950.789000,10.898000
286,,494958.443000,4038948.045000,10.196000
287,,494959.161000,4038946.410000,10.048000
288,,494960.190000,4038942.642000,9.403000
289,,494961.528000,4038939.342000,8.848000
290,,494962.337000,4038937.530000,8.704000
291,,494963.402000,4038934.962000,8.375000
292,,494964.389000,4038932.380000,8.072000
293,,494965.230000,4038930.671000,7.777000
294,,494966.302000,4038928.126000,7.281000
295,,494967.056000,4038926.140000,7.269000
296,,494968.169000,4038923.656000,6.653000
297,,494969.145000,4038921.786000,6.487000
298,,494971.017000,4038919.295000,6.013000
299,,494972.548000,4038916.674000,5.851000
300,,494974.231000,4038914.256000,5.782000
301,,494975.399000,4038912.631000,5.688000
302,,494976.381000,4038911.158000,5.614000
303,,494978.747000,4038909.170000,5.626000
304,,494980.742000,4038908.583000,5.405000
305,,494983.828000,4038907.725000,5.235000
306,,494991.577000,4038899.353000,4.966000
307,,494991.940000,4038898.958000,4.909000
308,,494993.471000,4038898.318000,4.838000
309,,494996.265000,4038897.797000,4.769000
310,,494998.306000,4038897.240000,4.897000
311,,495000.904000,4038896.372000,4.375000
312,,495002.810000,4038895.960000,4.454000
313,,495004.942000,4038895.989000,4.214000
314,,495007.573000,4038896.204000,4.297000
315,,495009.414000,4038896.352000,4.185000
316,,495012.551000,4038896.499000,4.066000
317,,495014.274000,4038896.786000,3.986000
318,,495016.160000,4038897.643000,4.086000
319,,495017.982000,4038900.015000,3.816000
320,,495019.140000,4038901.569000,3.874000
321,,495020.427000,4038903.420000,3.923000
322,,495021.094000,4038906.480000,4.106000
323,,495021.041000,4038908.250000,4.424000
324,,495021.282000,4038910.858000,3.994000
325,,495022.298000,4038912.709000,3.951000
326,,495023.790000,4038915.278000,4.042000
327,,495024.240000,4038917.442000,4.269000
328,,495024.971000,4038920.101000,4.272000
329,,495025.720000,4038922.816000,4.153000
330,,495025.374000,4038924.591000,4.315000
331,,495022.848000,4038926.789000,4.227000
332,,495021.073000,4038927.538000,4.500000
333,,495018.965000,4038928.604000,4.588000
334,,495016.429000,4038930.246000,4.479000
335,,495015.238000,4038932.690000,4.643000
336,,495014.505000,4038935.636000,4.452000
337,,495013.751000,4038937.722000,4.706000
338,,495012.199000,4038940.377000,4.513000
339,,495010.772000,4038941.829000,4.763000
340,,495008.988000,4038943.319000,4.763000
341,,495006.634000,4038945.238000,4.633000
342,,495004.040000,4038946.918000,4.662000
343,,495001.867000,4038948.884000,4.688000
344,,494999.442000,4038950.232000,4.821000
345,,494996.703000,4038951.991000,4.925000
346,,494995.298000,4038952.955000,5.047000
347,,494991.443000,4038953.018000,5.060000
348,,494987.383000,4038952.939000,5.434000
349,,494985.634000,4038953.188000,5.843000
350,,494982.618000,4038953.358000,5.755000
351,,494981.012000,4038952.893000,6.089000
352,,494977.252000,4038952.139000,6.074000
353,,494975.024000,4038951.898000,6.226000
354,,494973.228000,4038951.286000,6.395000
355,,494970.156000,4038950.656000,6.541000
356,,494968.332000,4038949.717000,6.866000
357,,494966.504000,4038948.486000,6.945000
358,,494967.115000,4038945.266000,6.555000
359,,494968.014000,4038942.455000,6.219000
360,,494968.467000,4038940.597000,6.152000
361,,494969.156000,4038936.960000,5.787000
362,,494969.494000,4038934.854000,5.692000
363,,494969.358000,4038931.172000,5.646000
364,,494970.401000,4038928.830000,5.831000
365,,494972.975000,4038921.329000,5.925000
366,,494975.716000,4038919.650000,5.910000
367,,494978.135000,4038919.364000,5.777000
368,,494981.352000,4038919.162000,5.626000
369,,494983.238000,4038918.924000,5.323000
370,,494985.420000,4038918.885000,5.396000
371,,494988.830000,4038919.122000,5.127000
372,,494991.139000,4038919.211000,4.855000
373,,494994.279000,4038919.368000,4.744000
374,,494997.581000,4038919.650000,4.659000
375,,495000.820000,4038919.548000,4.542000
376,,495001.915000,4038919.462000,4.476000
377,,495007.327000,4038919.647000,4.615000
378,,495010.516000,4038919.220000,4.642000
379,,495013.866000,4038919.348000,4.683000
380,,495018.132000,4038919.874000,4.467000
381,,495018.649000,4038922.395000,4.586000
382,,495015.595000,4038923.914000,4.528000
383,,495012.608000,4038925.387000,4.443000
384,,495010.053000,4038927.065000,4.724000
385,,495008.914000,4038927.679000,4.726000
386,,495005.989000,4038929.205000,4.828000
387,,495003.877000,4038929.895000,4.775000
388,,494999.350000,4038930.905000,4.925000
389,,494996.326000,4038931.235000,4.924000
390,,494993.446000,4038931.488000,4.946000
391,,494988.352000,4038929.408000,5.179000
392,,494982.502000,4038926.775000,5.489000
393,,494978.461000,4038923.002000,5.722000
394,,494972.474000,4038919.896000,5.996000
395,,494968.913000,4038916.787000,5.971000
396,,494963.295000,4038913.944000,5.952000
397,,494958.115000,4038914.392000,6.115000
398,,494952.903000,4038920.795000,6.301000
399,,494950.677000,4038921.984000,6.644000
400,,494947.615000,4038921.062000,6.285000
401,,494944.530000,4038919.829000,6.459000
402,,494941.804000,4038917.884000,6.431000
403,,494938.621000,4038914.606000,6.258000
404,,494937.819000,4038912.563000,6.373000
405,,494937.216000,4038907.931000,6.288000
406,,494937.072000,4038904.919000,6.199000
407,,494938.307000,4038899.853000,6.441000
408,,494938.662000,4038896.538000,6.189000
409,,494940.428000,4038893.922000,6.259000
410,,494941.666000,4038892.520000,6.301000
411,,494944.142000,4038890.669000,6.398000
412,,494944.792000,4038888.516000,6.137000
413,,494943.638000,4038884.929000,5.617000
414,,494944.096000,4038882.756000,5.766000
415,,494944.552000,4038880.137000,5.414000
416,,494942.894000,4038877.611000,5.284000
417,,494940.039000,4038874.752000,5.306000
418,,494938.997000,4038872.782000,5.003000
419,,494939.558000,4038870.505000,5.270000
420,,494942.379000,4038869.371000,4.723000
421,,494945.261000,4038870.291000,4.973000
422,,494947.050000,4038871.259000,5.342000
423,,494948.190000,4038873.985000,5.712000
424,,494950.363000,4038875.674000,5.299000
425,,494951.115000,4038877.966000,5.808000
426,,494952.794000,4038880.948000,5.555000
427,,494954.853000,4038883.456000,5.929000
428,,494957.663000,4038885.183000,6.502000
429,,494960.268000,4038885.642000,6.405000
430,,494963.542000,4038886.010000,5.897000
431,,494966.186000,4038887.263000,5.946000
432,,494967.840000,4038888.118000,5.988000
433,,494969.532000,4038890.249000,5.739000
434,,494970.431000,4038892.908000,5.366000
435,,494969.505000,4038896.241000,5.801000
436,,494968.686000,4038899.344000,5.801000
437,,494966.897000,4038901.624000,5.791000
438,,494963.916000,4038900.247000,5.705000
439,,494962.163000,4038898.747000,5.905000
440,,494960.153000,4038897.349000,5.825000
441,,494957.113000,4038896.185000,5.860000
442,,494955.037000,4038895.402000,5.992000
443,,494951.743000,4038894.969000,5.985000
444,,494948.416000,4038895.306000,6.034000
445,,494945.409000,4038896.251000,6.118000
446,,494943.139000,4038899.876000,6.096000
447,,494944.755000,4038901.986000,6.156000
448,,494947.158000,4038904.011000,6.065000
449,,494948.813000,4038904.764000,6.032000
450,,494955.529000,4038909.197000,5.983000
451,,494957.249000,4038911.391000,6.058000
452,,494957.570000,4038913.907000,6.227000
453,,494957.521000,4038917.305000,6.358000
454,,494957.937000,4038920.884000,6.767000
455,,494957.476000,4038923.274000,7.113000
456,,494956.805000,4038926.640000,7.556000
457,,494955.582000,4038929.991000,8.098000
458,,494953.578000,4038933.734000,8.700000
459,,494951.610000,4038936.473000,9.417000
460,,494949.621000,4038939.250000,10.040000
461,,494947.552000,4038941.843000,10.737000
462,,494945.531000,4038944.553000,10.806000
463,,494943.237000,4038947.870000,11.340000
464,,494946.932000,4038948.632000,11.340000
465,,494949.799000,4038946.812000,10.790000
466,,494951.641000,4038945.325000,10.664000
467,,494953.003000,4038943.522000,10.340000
468,,494955.223000,4038940.677000,9.419000
469,,494956.714000,4038938.582000,9.181000
470,,494957.979000,4038936.475000,8.960000
471,,494959.735000,4038933.339000,8.245000
472,,494961.389000,4038930.264000,7.835000
473,,494962.869000,4038927.605000,7.505000
474,,494964.396000,4038924.860000,6.813000
475,,494965.497000,4038922.870000,6.741000
476,,494967.484000,4038919.899000,6.365000
477,,494969.346000,4038916.948000,5.546000
478,,494970.085000,4038916.009000,5.730000
479,,494972.002000,4038913.212000,5.549000
480,,494973.593000,4038910.338000,5.625000
481,,494976.859000,4038908.782000,5.433000
482,,494979.652000,4038907.113000,5.217000
483,,494980.307000,4038904.713000,4.715000
484,,494980.942000,4038902.953000,4.399000
485,,494982.005000,4038900.430000,3.984000
486,,494982.902000,4038897.508000,3.186000
487,,494983.822000,4038895.979000,3.114000
488,,494985.156000,4038893.665000,2.689000
489,,494979.592000,4038891.032000,2.866000
490,,494976.887000,4038889.717000,2.901000
491,,494975.614000,4038891.781000,3.027000
492,,494974.479000,4038895.000000,3.878000
493,,494972.599000,4038898.606000,4.168000
494,,494970.231000,4038902.156000,5.349000
495,,494977.392000,4038882.363000,2.310000
496,,494975.765000,4038881.519000,2.425000
497,,494972.523000,4038880.575000,2.554000
498,,494970.116000,4038880.142000,2.650000
499,,494966.939000,4038879.628000,2.783000
500,,494965.125000,4038878.736000,3.054000
501,,494963.002000,4038877.852000,3.110000
502,,494958.720000,4038878.009000,3.239000
503,,494957.183000,4038877.137000,3.350000
504,,494956.428000,4038873.350000,3.319000
505,,494953.440000,4038871.514000,3.942000
506,,494949.694000,4038870.686000,4.393000
507,,494951.335000,4038868.389000,4.233000
508,,494951.826000,4038866.244000,4.583000
509,,494951.316000,4038864.479000,4.465000
510,,494948.995000,4038860.244000,4.330000
511,,494944.701000,4038859.371000,3.549000
512,,494942.697000,4038860.557000,3.638000
513,,494937.769000,4038861.993000,3.466000
514,,494935.343000,4038860.563000,3.442000
515,,494933.510000,4038858.022000,3.302000
516,,494931.696000,4038853.444000,3.489000
517,,494932.812000,4038850.212000,3.676000
518,,494933.753000,4038847.500000,3.577000
519,,494933.679000,4038845.483000,3.415000
520,,494933.427000,4038842.135000,3.446000
521,,494933.171000,4038838.920000,3.546000
522,,494933.335000,4038837.066000,3.445000
523,,494934.144000,4038833.344000,3.284000
524,,494934.631000,4038830.127000,3.265000
525,,494935.382000,4038827.665000,3.771000
526,,494935.154000,4038824.617000,3.478000
527,,494935.976000,4038821.956000,3.522000
528,,494936.886000,4038817.338000,3.331000
529,,494936.227000,4038816.542000,3.467000
530,,494935.376000,4038814.616000,3.550000
531,,494933.792000,4038811.852000,3.857000
532,,494932.609000,4038808.927000,3.642000
533,,494932.576000,4038805.812000,3.527000
534,,494933.031000,4038802.785000,3.755000
535,,494932.162000,4038799.362000,3.506000
536,,494931.459000,4038797.537000,3.548000
537,,494929.842000,4038794.761000,3.420000
538,,494928.077000,4038791.453000,3.592000
539,,494927.021000,4038789.761000,3.564000
540,,494926.026000,4038787.069000,3.688000
541,,494925.527000,4038786.248000,3.611000
542,,494924.743000,4038784.949000,3.556000
543,,494923.696000,4038782.893000,3.567000
544,,494922.237000,4038779.977000,3.312000
545,,494921.917000,4038777.243000,3.431000
546,,494923.595000,4038774.767000,3.437000
547,,494925.354000,4038773.799000,3.457000
548,,494928.896000,4038772.505000,3.218000
549,,494931.870000,4038771.361000,3.393000
550,,494937.388000,4038769.718000,3.576000
551,,494941.277000,4038765.578000,3.677000
552,,494944.016000,4038762.023000,3.499000
553,,494946.192000,4038758.578000,3.283000
554,,494952.816000,4038756.989000,2.653000
555,,494956.932000,4038758.787000,2.970000
556,,494961.696000,4038760.390000,3.110000
557,,494967.792000,4038761.445000,3.314000
558,,494972.884000,4038761.341000,3.191000
559,,494978.131000,4038761.284000,3.131000
560,,494982.718000,4038763.383000,3.118000
561,,494986.920000,4038765.445000,3.206000
562,,494993.302000,4038769.169000,3.193000
563,,494996.505000,4038772.128000,3.076000
564,,494999.632000,4038774.239000,2.965000
565,,494998.297000,4038779.551000,2.724000
566,,494997.792000,4038783.840000,2.791000
567,,494996.861000,4038789.482000,2.688000
568,,494999.886000,4038796.633000,2.427000
569,,494999.578000,4038802.670000,2.051000
570,,495000.870000,4038808.675000,2.480000
571,,495001.784000,4038813.369000,2.857000
572,,495002.087000,4038819.331000,2.606000
573,,495005.023000,4038826.326000,2.764000
574,,495001.404000,4038830.834000,2.043000
575,,494999.757000,4038835.511000,2.222000
576,,494999.635000,4038841.313000,2.087000
577,,494998.528000,4038846.120000,1.964000
578,,494995.264000,4038853.299000,1.712000
579,,494993.570000,4038860.921000,1.854000
580,,494992.634000,4038867.712000,1.905000
581,,494992.666000,4038875.520000,1.774000
582,,494991.514000,4038882.441000,2.285000
583,,494989.838000,4038887.660000,2.218000
584,,494986.776000,4038892.501000,2.348000
585,,494984.490000,4038888.055000,2.458000
586,,494981.991000,4038883.239000,2.567000
587,,494977.375000,4038873.955000,2.040000
588,,494974.542000,4038869.181000,2.336000
589,,494970.929000,4038863.430000,2.623000
590,,494967.846000,4038859.636000,2.878000
591,,494963.915000,4038854.665000,2.987000
592,,494959.923000,4038850.151000,3.188000
593,,494957.001000,4038845.574000,3.215000
594,,494953.561000,4038840.868000,3.263000
595,,494949.744000,4038836.579000,3.283000
596,,494947.707000,4038833.036000,3.508000
597,,494944.319000,4038827.557000,3.512000
598,,494941.361000,4038822.974000,3.497000
599,,494938.461000,4038818.056000,3.633000
600,,494935.880000,4038813.113000,3.691000
601,,494933.088000,4038808.161000,3.513000
602,,494938.455000,4038807.466000,3.629000
603,,494946.003000,4038806.076000,3.524000
604,,494950.590000,4038804.888000,3.475000
605,,494955.693000,4038803.388000,3.240000
606,,494960.418000,4038801.647000,2.909000
607,,494964.885000,4038799.635000,2.678000
608,,494968.370000,4038797.571000,2.749000
609,,494971.792000,4038795.670000,2.644000
610,,494975.466000,4038793.669000,2.403000
611,,494978.612000,4038791.947000,2.427000
612,,494981.824000,4038789.841000,2.547000
613,,494984.382000,4038788.164000,2.631000
614,,494987.519000,4038785.795000,2.816000
615,,494990.253000,4038783.535000,2.923000
616,,494993.758000,4038780.657000,3.030000
617,,494997.082000,4038778.267000,3.033000
618,,494999.387000,4038776.270000,3.035000
619,,494996.304000,4038791.083000,2.492000
620,,494998.650000,4038794.146000,2.391000
621,,495003.904000,4038796.524000,1.774000
622,,495005.702000,4038794.500000,1.756000
623,,495007.333000,4038792.236000,1.311000
624,,495007.111000,4038790.096000,1.271000
625,,495008.272000,4038789.008000,1.326000
626,,495009.981000,4038786.395000,1.248000
627,,495010.699000,4038783.781000,1.302000
628,,495011.318000,4038781.473000,1.209000
629,,495012.715000,4038781.019000,1.306000
630,,495013.890000,4038781.185000,1.392000
631,,495015.823000,4038781.650000,1.264000
632,,495017.600000,4038781.522000,1.196000
633,,495018.944000,4038780.955000,1.524000
634,,495021.844000,4038780.582000,1.333000
635,,495022.687000,4038781.849000,1.462000
636,,495023.395000,4038783.329000,1.391000
637,,495024.996000,4038785.107000,1.415000
638,,495026.613000,4038786.063000,1.517000
639,,495028.923000,4038786.029000,1.663000
640,,495029.782000,4038786.130000,1.768000
641,,495031.886000,4038786.784000,2.140000
642,,495032.519000,4038786.889000,2.187000
643,,495034.745000,4038786.238000,1.787000
644,,495036.920000,4038785.859000,2.182000
645,,495038.487000,4038786.261000,1.984000
646,,495039.029000,4038787.717000,1.711000
647,,495039.159000,4038789.867000,1.907000
648,,495038.282000,4038792.221000,2.054000
649,,495037.243000,4038793.079000,1.780000
650,,495036.049000,4038793.957000,1.637000
651,,495034.840000,4038795.307000,1.263000
652,,495033.187000,4038796.580000,1.406000
653,,495032.299000,4038799.207000,1.284000
654,,495029.412000,4038799.847000,1.182000
655,,495027.952000,4038799.159000,1.219000
656,,495025.583000,4038798.793000,1.406000
657,,495022.756000,4038799.096000,1.079000
658,,495020.769000,4038799.640000,1.250000
659,,495019.061000,4038800.911000,1.502000
660,,495019.283000,4038802.108000,1.458000
661,,495019.810000,4038804.002000,1.806000
662,,495019.753000,4038806.022000,1.374000
663,,495019.992000,4038807.679000,1.483000
664,,495017.978000,4038808.291000,1.533000
665,,495014.926000,4038809.073000,1.965000
666,,495012.745000,4038808.117000,1.479000
667,,495011.301000,4038807.837000,1.543000
668,,495008.851000,4038805.961000,1.576000
669,,495008.137000,4038803.504000,1.539000
670,,495007.627000,4038801.572000,1.749000
671,,495008.089000,4038806.789000,1.704000
672,,495006.728000,4038807.586000,1.728000
673,,495005.840000,4038809.027000,1.774000
674,,495005.907000,4038810.215000,1.706000
675,,495005.865000,4038812.077000,1.675000
676,,495005.903000,4038812.769000,1.993000
677,,495005.897000,4038814.548000,1.601000
678,,495005.992000,4038815.998000,1.546000
679,,495005.949000,4038818.024000,1.594000
680,,495006.295000,4038819.915000,1.598000
681,,495006.649000,4038821.154000,1.861000
682,,495007.725000,4038823.746000,1.561000
683,,495009.101000,4038824.286000,1.575000
684,,495009.821000,4038823.764000,1.801000
685,,495011.557000,4038823.396000,1.352000
686,,495013.879000,4038823.956000,1.646000
687,,495014.555000,4038821.324000,1.362000
688,,495013.510000,4038821.650000,1.370000
689,,495010.921000,4038822.954000,1.380000
690,,495009.726000,4038825.618000,1.724000
691,,495010.769000,4038828.676000,2.712000
692,,495010.521000,4038830.811000,3.184000
693,,495009.139000,4038831.284000,3.804000
694,,495008.030000,4038831.431000,4.100000
695,,495007.524000,4038831.757000,4.041000
696,,495006.290000,4038832.986000,3.907000
697,,495006.235000,4038833.575000,3.984000
698,,495007.412000,4038833.619000,4.540000
699,,495008.739000,4038834.104000,4.792000
700,,495009.567000,4038836.546000,5.048000
701,,495009.892000,4038838.837000,4.922000
702,,495009.422000,4038840.615000,5.114000
703,,495009.678000,4038842.175000,5.050000
704,,495011.335000,4038843.501000,4.355000
705,,495011.959000,4038843.344000,3.987000
706,,495012.492000,4038842.462000,3.931000
707,,495012.959000,4038840.256000,3.621000
708,,495012.493000,4038837.868000,3.426000
709,,495013.644000,4038835.656000,3.442000
710,,495015.513000,4038836.339000,3.561000
711,,495016.228000,4038838.073000,3.841000
712,,495017.013000,4038840.904000,3.731000
713,,495016.423000,4038844.577000,3.654000
714,,495015.793000,4038847.134000,3.552000
715,,495015.424000,4038849.734000,3.667000
716,,495017.389000,4038850.935000,3.475000
717,,495019.267000,4038851.792000,3.565000
718,,495022.409000,4038854.241000,3.528000
719,,495024.009000,4038854.988000,3.498000
720,,495024.792000,4038854.055000,3.520000
721,,495024.479000,4038851.466000,3.397000
722,,495024.774000,4038848.748000,3.300000
723,,495025.580000,4038845.061000,3.512000
724,,495027.344000,4038841.292000,4.606000
725,,495027.760000,4038840.776000,4.814000
726,,495029.952000,4038839.339000,4.642000
727,,495032.765000,4038838.953000,4.367000
728,,495034.344000,4038838.828000,4.400000
729,,495037.091000,4038840.865000,3.971000
730,,495037.342000,4038843.325000,3.640000
731,,495040.006000,4038845.629000,3.589000
732,,495041.370000,4038846.656000,3.641000
733,,495044.089000,4038847.373000,3.704000
734,,495046.082000,4038848.034000,3.756000
735,,495047.621000,4038848.703000,3.746000
736,,495048.737000,4038848.866000,3.760000
737,,495050.588000,4038849.304000,3.787000
738,,495054.504000,4038850.570000,3.754000
739,,495055.360000,4038850.837000,3.990000
740,,495058.119000,4038851.800000,3.716000
741,,495061.083000,4038852.448000,3.808000
742,,495064.415000,4038853.164000,3.822000
743,,495065.898000,4038854.062000,3.922000
744,,495068.013000,4038854.740000,3.866000
745,,495070.670000,4038855.600000,3.816000
746,,495072.551000,4038856.065000,4.040000
747,,495075.775000,4038857.257000,4.024000
748,,495077.392000,4038857.683000,4.031000
749,,495080.211000,4038857.132000,4.172000
750,,495080.981000,4038855.354000,4.168000
751,,495081.876000,4038853.303000,4.329000
752,,495081.923000,4038850.966000,4.661000
753,,495081.981000,4038847.950000,4.825000
754,,495082.598000,4038846.350000,4.876000
755,,495083.249000,4038844.333000,4.875000
756,,495083.764000,4038841.261000,4.787000
757,,495084.497000,4038837.245000,4.823000
758,,495084.906000,4038834.919000,5.361000
759,,495084.865000,4038831.888000,5.921000
760,,495085.306000,4038828.878000,6.250000
761,,495085.460000,4038826.937000,6.390000
762,,495086.443000,4038824.058000,6.260000
763,,495088.582000,4038819.247000,5.976000
764,,495089.390000,4038817.297000,6.340000
765,,495089.672000,4038814.266000,6.222000
766,,495090.718000,4038810.275000,6.438000
767,,495087.547000,4038808.744000,6.354000
768,,495085.636000,4038808.286000,6.571000
769,,495082.170000,4038807.122000,6.465000
770,,495080.358000,4038807.414000,6.426000
771,,495079.412000,4038809.888000,6.493000
772,,495077.497000,4038812.411000,6.568000
773,,495077.681000,4038814.001000,6.581000
774,,495078.416000,4038816.902000,6.549000
775,,495078.545000,4038820.441000,6.602000
776,,495078.909000,4038822.513000,6.422000
777,,495079.330000,4038826.125000,6.355000
778,,495079.899000,4038828.095000,6.324000
779,,495081.082000,4038830.745000,5.846000
780,,495081.066000,4038832.525000,5.726000
781,,495080.837000,4038834.360000,5.354000
782,,495080.118000,4038836.344000,5.227000
783,,495079.057000,4038839.340000,4.866000
784,,495078.164000,4038841.101000,4.712000
785,,495076.390000,4038843.550000,4.507000
786,,495075.673000,4038844.318000,4.533000
787,,495073.888000,4038846.540000,4.165000
788,,495072.517000,4038849.580000,3.816000
789,,495071.770000,4038851.429000,3.920000
790,,495074.979000,4038857.044000,4.094000
791,,495078.370000,4038859.859000,4.107000
792,,495078.485000,4038862.399000,4.091000
793,,495077.185000,4038865.676000,4.089000
794,,495076.585000,4038868.749000,4.298000
795,,495075.389000,4038872.543000,4.279000
796,,495074.961000,4038874.278000,4.390000
797,,495073.130000,4038876.629000,4.590000
798,,495071.083000,4038877.819000,5.389000
799,,495069.392000,4038877.606000,5.533000
800,,495068.148000,4038879.249000,5.678000
801,,495061.726000,4038877.950000,5.172000
802,,495059.476000,4038876.992000,5.115000
803,,495057.031000,4038877.116000,4.951000
804,,495054.819000,4038876.914000,5.057000
805,,495053.567000,4038876.716000,4.925000
806,,495052.077000,4038876.240000,4.904000
807,,495050.532000,4038875.767000,4.862000
808,,495048.282000,4038875.425000,4.860000
809,,495045.233000,4038874.954000,4.862000
810,,495043.537000,4038874.656000,4.770000
811,,495040.922000,4038874.008000,4.825000
812,,495039.956000,4038873.752000,4.914000
813,,495037.454000,4038873.367000,4.763000
814,,495035.047000,4038872.862000,4.678000
815,,495032.822000,4038872.053000,4.634000
816,,495031.202000,4038871.828000,4.518000
817,,495029.941000,4038870.257000,4.252000
818,,495028.792000,4038869.349000,4.348000
819,,495025.829000,4038869.517000,4.255000
820,,495023.944000,4038869.559000,4.224000
821,,495022.785000,4038869.681000,4.103000
822,,495019.980000,4038870.068000,4.376000
823,,495018.406000,4038869.808000,4.416000
824,,495016.191000,4038869.000000,4.461000
825,,495013.025000,4038868.622000,4.342000
826,,495011.229000,4038868.197000,4.347000
827,,495009.109000,4038867.390000,4.349000
828,,495010.176000,4038866.236000,4.550000
829,,495011.801000,4038865.463000,4.687000
830,,495012.752000,4038864.052000,4.906000
831,,495014.009000,4038862.098000,5.126000
832,,495014.244000,4038860.828000,5.739000
833,,495013.198000,4038859.046000,6.158000
834,,495012.950000,4038857.503000,6.196000
835,,495014.096000,4038856.549000,6.179000
836,,495003.581000,4038872.629000,1.859000
837,,495009.880000,4038873.267000,0.850000
838,,495015.408000,4038874.052000,0.654000
839,,495020.959000,4038875.126000,0.938000
840,,495025.759000,4038875.332000,0.984000
841,,495030.053000,4038875.364000,0.955000
842,,495034.792000,4038876.405000,1.113000
843,,495040.302000,4038877.401000,1.096000
844,,495045.522000,4038878.621000,0.998000
845,,495049.752000,4038879.377000,1.523000
846,,495055.163000,4038880.289000,1.277000
847,,495059.376000,4038882.290000,1.129000
848,,495064.168000,4038884.465000,1.702000
849,,495069.626000,4038885.631000,2.183000
850,,495071.356000,4038890.226000,2.503000
851,,495072.505000,4038894.374000,2.241000
852,,495072.271000,4038898.245000,1.960000
853,,495074.098000,4038904.145000,1.250000
854,,495075.555000,4038907.557000,1.229000
855,,495074.642000,4038912.778000,1.008000
856,,495073.997000,4038917.398000,0.996000
857,,495072.569000,4038922.614000,0.941000
858,,495071.170000,4038928.037000,1.232000
859,,495069.929000,4038931.181000,1.280000
860,,495067.521000,4038936.930000,1.015000
861,,495066.650000,4038941.589000,1.079000
862,,495066.551000,4038948.068000,1.371000
863,,495065.958000,4038954.989000,1.641000
864,,495063.323000,4038958.927000,0.909000
865,,495061.315000,4038951.861000,1.008000
866,,495057.311000,4038945.946000,0.830000
867,,495053.115000,4038949.248000,1.263000
868,,495050.699000,4038955.009000,2.273000
869,,495048.835000,4038960.317000,3.470000
870,,495048.421000,4038966.785000,4.219000
871,,495046.648000,4038969.092000,4.230000
872,,495042.983000,4038967.637000,4.301000
873,,495038.405000,4038966.120000,3.099000
874,,495033.526000,4038962.325000,1.486000
875,,495032.342000,4038959.075000,1.595000
876,,495026.657000,4038956.247000,2.010000
877,,495021.692000,4038961.266000,2.042000
878,,495016.958000,4038961.094000,1.594000
879,,495012.206000,4038960.349000,2.360000
880,,495007.955000,4038959.165000,1.919000
881,,495005.431000,4038956.894000,1.637000
882,,495008.386000,4038953.883000,1.440000
883,,495012.745000,4038948.496000,2.173000
884,,495017.731000,4038945.531000,2.118000
885,,495021.596000,4038941.721000,1.661000
886,,495023.365000,4038937.716000,1.203000
887,,495025.780000,4038934.215000,1.106000
888,,495029.743000,4038931.483000,1.350000
889,,495033.417000,4038925.768000,1.368000
890,,495033.679000,4038920.114000,1.478000
891,,495034.524000,4038916.523000,2.034000
892,,495031.569000,4038915.232000,1.038000
893,,495032.904000,4038912.316000,0.614000
894,,495034.025000,4038908.525000,1.202000
895,,495031.040000,4038905.226000,1.224000
896,,495026.939000,4038899.912000,1.080000
897,,495022.392000,4038894.997000,1.056000
898,,495019.925000,4038891.401000,1.017000
899,,495015.331000,4038889.411000,0.532000
900,,495010.768000,4038889.522000,1.050000
901,,495004.194000,4038889.054000,0.972000
902,,495002.204000,4038885.649000,0.920000
903,,495002.800000,4038881.334000,1.521000
904,,495004.380000,4038877.890000,1.441000
905,,495003.949000,4038875.198000,2.405000
906,,494951.672000,4038872.193000,4.098000
907,,494945.832000,4038865.253000,2.408000
908,,494941.323000,4038864.546000,2.341000
909,,494927.614000,4038870.632000,4.286000
910,,494927.359000,4038871.510000,4.295000
911,,494926.818000,4038872.983000,4.344000
912,,494925.830000,4038874.412000,4.617000
913,,494925.560000,4038877.348000,4.342000
914,,494925.475000,4038879.738000,4.327000
915,,494924.694000,4038881.358000,4.314000
916,,494923.524000,4038883.239000,4.243000
917,,494922.648000,4038886.888000,4.128000
918,,494922.794000,4038888.459000,3.966000
919,,494923.357000,4038889.622000,3.827000
920,,494923.605000,4038891.078000,3.917000
921,,494923.772000,4038891.758000,3.809000
922,,494923.565000,4038892.204000,3.437000
923,,494922.068000,4038893.670000,3.051000
924,,494921.327000,4038894.879000,3.036000
925,,494920.155000,4038896.026000,2.472000
926,,494919.316000,4038896.648000,2.403000
927,,494917.238000,4038898.245000,2.300000
928,,494917.137000,4038899.856000,2.468000
929,,494918.657000,4038902.097000,2.793000
930,,494918.310000,4038903.413000,4.264000
931,,494917.430000,4038904.818000,3.955000
932,,494917.429000,4038906.161000,3.915000
933,,494918.250000,4038909.329000,3.977000
934,,494919.596000,4038910.951000,3.360000
935,,494922.010000,4038913.273000,3.382000
936,,494922.590000,4038913.840000,3.329000
937,,494924.525000,4038915.497000,3.578000
938,,494926.618000,4038917.318000,3.890000
939,,494928.897000,4038919.555000,4.243000
940,,494929.298000,4038921.674000,4.543000
941,,494929.094000,4038923.399000,4.339000
942,,494926.995000,4038924.010000,4.261000
943,,494926.742000,4038926.941000,4.443000
944,,494928.039000,4038929.128000,4.513000
945,,494928.699000,4038930.545000,3.909000
946,,494928.416000,4038932.134000,3.815000
947,,494925.998000,4038933.497000,4.063000
948,,494924.525000,4038934.611000,3.965000
949,,494921.966000,4038936.419000,3.403000
950,,494920.943000,4038937.998000,3.942000
951,,494919.129000,4038940.120000,3.777000
952,,494918.151000,4038940.291000,3.698000
953,,494916.677000,4038939.948000,3.815000
954,,494914.608000,4038939.664000,3.699000
955,,494912.942000,4038938.068000,3.833000
956,,494910.379000,4038936.803000,4.248000
957,,494906.126000,4038933.077000,4.071000
958,,494904.236000,4038930.918000,4.091000
959,,494901.441000,4038930.605000,3.649000
960,,494899.360000,4038929.821000,3.870000
961,,494896.995000,4038928.486000,4.181000
962,,494895.544000,4038927.951000,4.471000
963,,494893.215000,4038926.237000,4.071000
964,,494890.334000,4038925.675000,4.281000
965,,494887.503000,4038924.660000,4.795000
966,,494885.879000,4038924.047000,4.714000
967,,494884.195000,4038922.770000,4.608000
968,,494882.320000,4038921.221000,4.836000
969,,494880.549000,4038920.993000,4.691000
970,,494879.507000,4038918.830000,4.738000
971,,494878.747000,4038918.687000,4.485000
972,,494877.400000,4038917.662000,4.794000
973,,494875.254000,4038916.013000,4.715000
974,,494873.811000,4038914.450000,4.637000
975,,494873.583000,4038913.182000,4.623000
976,,494873.420000,4038911.238000,4.730000
977,,494870.208000,4038907.927000,5.012000
978,,494869.243000,4038906.167000,4.944000
979,,494869.323000,4038903.482000,4.715000
980,,494869.587000,4038902.163000,4.433000
981,,494873.536000,4038900.526000,4.120000
982,,494873.649000,4038901.095000,4.090000
983,,494875.902000,4038901.710000,4.146000
984,,494877.353000,4038902.904000,4.527000
985,,494878.793000,4038903.497000,4.249000
986,,494881.575000,4038903.829000,4.232000
987,,494882.738000,4038904.056000,3.918000
988,,494884.380000,4038904.340000,3.959000
989,,494886.969000,4038904.783000,3.897000
990,,494890.138000,4038904.458000,4.395000
991,,494892.243000,4038903.936000,5.039000
992,,494894.128000,4038903.780000,4.944000
993,,494896.835000,4038904.430000,4.226000
994,,494898.346000,4038904.635000,4.410000
995,,494900.681000,4038905.413000,4.439000
996,,494903.779000,4038906.467000,4.741000
997,,494904.878000,4038906.908000,4.819000
998,,494907.141000,4038906.551000,3.853000
999,,494907.489000,4038903.446000,2.830000
1000,,494905.835000,4038903.262000,2.332000
1001,,494904.482000,4038902.696000,2.024000
1002,,494903.592000,4038901.386000,2.049000
1003,,494900.427000,4038900.339000,1.303000
1004,,494897.512000,4038900.487000,1.902000
1005,,494895.141000,4038900.722000,2.273000
1006,,494893.453000,4038900.376000,1.618000
1007,,494892.974000,4038900.091000,1.657000
1008,,494891.714000,4038900.058000,1.690000
1009,,494890.030000,4038899.780000,1.465000
1010,,494887.793000,4038898.736000,1.390000
1011,,494881.797000,4038896.036000,1.263000
1012,,494878.424000,4038894.229000,1.064000
1013,,494876.498000,4038893.368000,1.163000
1014,,494875.587000,4038892.428000,0.972000
1015,,494873.428000,4038889.992000,0.958000
1016,,494872.113000,4038884.193000,1.057000
1017,,494873.545000,4038884.346000,1.032000
1018,,494875.304000,4038885.029000,1.289000
1019,,494876.088000,4038879.736000,2.914000
1020,,494875.528000,4038879.438000,3.231000
1021,,494875.128000,4038879.279000,3.186000
1022,,494873.387000,4038878.293000,4.350000
1023,,494873.619000,4038877.066000,4.615000
1024,,494874.173000,4038875.372000,4.390000
1025,,494874.537000,4038874.153000,4.080000
1026,,494875.162000,4038872.611000,4.384000
1027,,494875.528000,4038870.977000,4.931000
1028,,494875.549000,4038870.145000,4.903000
1029,,494876.526000,4038865.784000,5.245000
1030,,494877.196000,4038864.147000,5.421000
1031,,494878.702000,4038861.780000,5.245000
1032,,494881.266000,4038860.066000,4.791000
1033,,494881.321000,4038858.494000,5.210000
1034,,494879.339000,4038856.180000,5.099000
1035,,494879.022000,4038853.757000,4.707000
1036,,494880.023000,4038851.482000,4.503000
1037,,494880.477000,4038850.368000,4.914000
1038,,494881.294000,4038848.431000,4.950000
1039,,494880.303000,4038845.677000,4.933000
1040,,494879.920000,4038843.824000,5.134000
1041,,494881.445000,4038843.110000,5.293000
1042,,494882.189000,4038842.574000,4.970000
1043,,494883.074000,4038840.504000,4.979000
1044,,494883.149000,4038838.313000,5.489000
1045,,494882.586000,4038837.504000,5.741000
1046,,494882.476000,4038834.875000,4.152000
1047,,494882.206000,4038833.205000,3.976000
1048,,494882.578000,4038829.715000,3.901000
1049,,494882.800000,4038828.541000,4.041000
1050,,494883.226000,4038827.119000,3.764000
1051,,494883.921000,4038824.981000,3.946000
1052,,494883.767000,4038824.240000,4.056000
1053,,494883.599000,4038822.763000,4.408000
1054,,494884.274000,4038820.629000,4.844000
1055,,494885.873000,4038819.774000,5.027000
1056,,494887.833000,4038818.073000,4.666000
1057,,494887.829000,4038813.557000,4.569000
1058,,494887.986000,4038813.496000,4.515000
1059,,494887.174000,4038810.590000,5.426000
1060,,494887.117000,4038808.891000,4.871000
1061,,494887.475000,4038806.402000,4.964000
1062,,494888.543000,4038804.026000,4.656000
1063,,494889.509000,4038803.084000,4.733000
1064,,494889.890000,4038801.038000,4.558000
1065,,494891.669000,4038796.517000,4.429000
1066,,494892.223000,4038795.072000,4.445000
1067,,494892.388000,4038793.505000,4.395000
1068,,494893.128000,4038790.672000,4.401000
1069,,494893.573000,4038789.264000,4.173000
1070,,494893.964000,4038788.911000,4.055000
1071,,494895.885000,4038787.601000,4.568000
1072,,494897.308000,4038783.231000,4.927000
1073,,494900.179000,4038777.280000,4.823000
1074,,494900.687000,4038774.043000,4.836000
1075,,494901.125000,4038770.513000,4.912000
1076,,494902.832000,4038767.348000,5.303000
1077,,494904.449000,4038765.596000,6.293000
1078,,494906.244000,4038765.125000,6.203000
1079,,494909.246000,4038763.309000,6.347000
1080,,494910.739000,4038760.979000,5.705000
1081,,494912.553000,4038761.328000,6.344000
1082,,494913.807000,4038761.460000,6.836000
1083,,494913.881000,4038762.511000,6.904000
1084,,494912.375000,4038765.150000,7.202000
1085,,494908.869000,4038768.333000,5.760000
1086,,494909.093000,4038770.877000,5.738000
1087,,494909.756000,4038773.752000,5.243000
1088,,494910.336000,4038776.203000,5.295000
1089,,494911.759000,4038777.574000,5.322000
1090,,494914.065000,4038777.221000,4.314000
1091,,494915.662000,4038777.837000,3.796000
1092,,494917.584000,4038777.958000,3.637000
1093,,494920.937000,4038777.332000,3.469000
1094,,494923.861000,4038775.339000,3.410000
